h 200 25 246.19
r 1 235.403162
r 2 245.944429
r 3 244.289751
r 4 225.302027
r 5 230.593768
r 6 235.317838
r 7 245.731942
r 8 245.897980
r 9 231.670220
r 10 235.730946
r 11 243.991815
r 12 227.209997
r 13 244.198303
r 14 230.703359
r 15 239.106191
r 16 243.481319
r 17 229.034184
r 18 238.003542
r 19 246.190226
r 20 243.879667
r 21 226.675083
r 22 230.671871
r 23 243.859594
r 24 228.464180
r 25 231.241607
t 1 18.598268
t 2 7.175851
t 3 44.445235
t 4 35.996603
t 5 38.580727
t 6 42.754430
t 7 21.734056
t 8 47.446394
t 9 17.835295
t 10 5.712631
t 11 18.912260
t 12 17.802384
t 13 27.615542
t 14 15.971727
t 15 16.429125
t 16 35.147499
t 17 18.732354
t 18 28.253516
t 19 45.823596
t 20 18.098201
t 21 5.838859
t 22 48.406290
t 23 46.853594
t 24 38.396812
t 25 5.625441
t 26 21.766931
t 27 28.399236
t 28 24.755196
t 29 17.905808
t 30 20.370861
t 31 28.864393
t 32 38.523865
t 33 30.437253
t 34 10.206192
t 35 49.178658
t 36 9.206432
t 37 36.527208
t 38 12.114684
t 39 42.104353
t 40 40.675693
t 41 16.388091
t 42 16.953643
t 43 9.227673
t 44 47.742922
t 45 12.716031
t 46 15.272363
t 47 42.578153
t 48 7.394165
t 49 32.816146
t 50 28.027677
t 51 16.604366
t 52 24.818151
t 53 7.993079
t 54 14.960159
t 55 33.849325
t 56 9.969924
t 57 24.938907
t 58 36.331318
t 59 36.593168
t 60 16.775157
t 61 47.745360
t 62 11.416443
t 63 34.830089
t 64 20.892507
t 65 25.736342
t 66 33.139234
t 67 48.076602
t 68 9.090996
t 69 28.830213
t 70 24.747120
t 71 7.559120
t 72 9.094931
t 73 42.668835
t 74 9.988739
t 75 21.359839
t 76 24.904778
t 77 8.250303
t 78 21.876851
t 79 6.436681
t 80 48.604485
t 81 40.870415
t 82 12.903009
t 83 11.086265
t 84 20.554464
t 85 8.955256
t 86 29.789109
t 87 34.455531
t 88 43.493690
t 89 49.799150
t 90 47.506529
t 91 43.054647
t 92 39.554785
t 93 32.397340
t 94 19.813786
t 95 14.324628
t 96 13.960922
t 97 37.333475
t 98 31.353272
t 99 26.373537
t 100 13.216832
t 101 11.365468
t 102 30.755594
t 103 6.904235
t 104 17.301793
t 105 31.428559
t 106 44.844478
t 107 9.745702
t 108 21.410623
t 109 17.934250
t 110 42.636864
t 111 11.059977
t 112 48.798703
t 113 32.813376
t 114 24.324970
t 115 20.577973
t 116 36.578722
t 117 24.342130
t 118 45.477546
t 119 29.756376
t 120 18.185340
t 121 24.857112
t 122 34.733230
t 123 16.163924
t 124 40.912962
t 125 20.975989
t 126 38.428365
t 127 26.988539
t 128 32.594659
t 129 21.599170
t 130 32.997452
t 131 15.601590
t 132 20.092147
t 133 12.071436
t 134 39.406326
t 135 19.284147
t 136 14.245543
t 137 40.996562
t 138 43.500026
t 139 42.837017
t 140 41.296631
t 141 33.608893
t 142 24.966414
t 143 48.674183
t 144 40.769588
t 145 15.698777
t 146 32.807629
t 147 24.361510
t 148 19.748949
t 149 23.084929
t 150 8.106101
t 151 46.789397
t 152 10.482726
t 153 35.085764
t 154 7.958609
t 155 17.292246
t 156 29.567116
t 157 25.383612
t 158 47.961760
t 159 24.396369
t 160 48.808255
t 161 19.782294
t 162 42.426487
t 163 5.971224
t 164 9.159553
t 165 18.732140
t 166 34.993820
t 167 37.790533
t 168 22.018526
t 169 40.144234
t 170 16.360746
t 171 37.292161
t 172 46.602248
t 173 23.882519
t 174 29.923349
t 175 16.383571
t 176 22.854706
t 177 28.028584
t 178 32.020764
t 179 39.495082
t 180 46.526241
t 181 14.917504
t 182 20.130867
t 183 14.768991
t 184 22.640535
t 185 23.829875
t 186 13.881454
t 187 17.679545
t 188 48.604246
t 189 30.003659
t 190 23.178052
t 191 30.600162
t 192 44.757514
t 193 27.193517
t 194 32.994485
t 195 32.599385
t 196 19.945707
t 197 26.039413
t 198 35.707964
t 199 19.864964
t 200 30.461491
h 1 29 62
h 1 31 167
h 1 60 176
h 1 63 165
h 1 66 30
h 1 71 24
h 1 81 114
h 1 94 142
h 1 138 190
h 1 153 72
h 1 159 104
h 1 161 128
h 1 183 161
h 1 185 73
h 1 187 39
h 1 190 22
h 2 9 84
h 2 13 137
h 2 19 114
h 2 23 178
h 2 27 8
h 2 40 151
h 2 83 34
h 2 88 121
h 2 92 41
h 2 106 187
h 2 113 174
h 2 135 181
h 2 148 34
h 2 170 196
h 3 10 9
h 3 21 165
h 3 25 155
h 3 68 118
h 3 80 188
h 3 100 14
h 3 105 94
h 3 111 118
h 3 112 86
h 3 143 100
h 3 176 57
h 3 184 25
h 4 48 60
h 4 55 127
h 4 69 77
h 4 123 130
h 4 128 129
h 4 144 101
h 4 165 135
h 4 171 183
h 4 180 86
h 5 7 178
h 5 37 163
h 5 43 8
h 5 74 83
h 5 75 18
h 5 86 163
h 5 87 196
h 5 112 11
h 5 115 167
h 5 137 156
h 5 142 46
h 5 176 122
h 5 182 120
h 5 192 13
h 6 26 181
h 6 34 168
h 6 35 88
h 6 59 88
h 6 67 57
h 6 70 33
h 6 93 45
h 6 108 176
h 6 147 110
h 6 150 173
h 6 163 117
h 6 179 51
h 6 193 104
h 6 199 144
h 7 5 178
h 7 37 194
h 7 43 66
h 7 75 60
h 7 86 143
h 7 87 188
h 7 115 198
h 7 137 117
h 7 176 71
h 7 182 181
h 7 192 29
h 8 46 50
h 8 50 36
h 8 74 121
h 8 100 166
h 8 101 98
h 8 111 102
h 8 112 112
h 8 118 87
h 8 125 103
h 8 126 107
h 8 142 115
h 8 162 104
h 8 164 187
h 8 167 190
h 8 178 130
h 8 194 55
h 8 196 169
h 8 197 97
h 9 2 84
h 9 22 53
h 9 27 181
h 9 92 126
h 9 106 146
h 9 113 23
h 9 159 28
h 9 170 63
h 9 187 36
h 9 190 71
h 10 3 9
h 10 21 60
h 10 25 140
h 10 47 139
h 10 48 13
h 10 53 125
h 10 68 101
h 10 80 82
h 10 90 53
h 10 130 111
h 10 143 169
h 10 145 88
h 10 180 13
h 10 184 199
h 11 38 29
h 11 41 168
h 11 51 142
h 11 58 182
h 11 62 130
h 11 72 32
h 11 77 149
h 11 110 45
h 11 136 48
h 11 139 22
h 12 14 164
h 12 24 106
h 12 78 186
h 12 89 120
h 12 103 84
h 12 119 113
h 12 152 110
h 12 172 89
h 12 174 148
h 13 2 137
h 13 18 49
h 13 19 161
h 13 20 150
h 13 23 144
h 13 40 100
h 13 83 163
h 13 88 183
h 13 106 68
h 13 113 163
h 13 135 169
h 13 148 71
h 13 168 72
h 13 170 137
h 14 12 164
h 14 24 95
h 14 70 10
h 14 78 160
h 14 89 151
h 14 96 18
h 14 103 99
h 14 139 77
h 14 154 101
h 14 172 178
h 14 174 83
h 14 177 124
h 15 16 167
h 15 32 194
h 15 39 81
h 15 45 55
h 15 57 87
h 15 65 129
h 15 71 60
h 15 73 155
h 15 79 85
h 15 98 42
h 15 107 96
h 15 109 108
h 15 116 177
h 15 122 123
h 15 131 55
h 15 141 59
h 15 155 147
h 15 173 63
h 15 191 81
h 16 15 167
h 16 32 162
h 16 45 33
h 16 54 34
h 16 65 173
h 16 71 112
h 16 73 92
h 16 98 97
h 16 107 177
h 16 109 85
h 16 116 192
h 16 122 154
h 16 131 5
h 16 155 170
h 16 161 19
h 16 163 21
h 16 193 35
h 17 18 192
h 17 19 117
h 17 20 11
h 17 36 122
h 17 52 112
h 17 76 175
h 17 88 83
h 17 102 133
h 17 113 37
h 17 114 189
h 17 148 174
h 17 149 166
h 17 168 137
h 17 186 140
h 18 13 49
h 18 17 192
h 18 19 152
h 18 20 79
h 18 36 73
h 18 52 86
h 18 76 157
h 18 88 130
h 18 102 119
h 18 113 79
h 18 114 168
h 18 148 180
h 18 149 142
h 18 168 168
h 18 186 113
h 19 2 114
h 19 13 161
h 19 17 117
h 19 18 152
h 19 20 120
h 19 23 65
h 19 76 107
h 19 83 62
h 19 88 194
h 19 92 14
h 19 102 111
h 19 106 57
h 19 113 181
h 19 114 86
h 19 135 105
h 19 148 173
h 19 149 87
h 19 168 126
h 19 170 92
h 20 13 150
h 20 17 11
h 20 18 79
h 20 19 120
h 20 83 154
h 20 88 148
h 20 113 64
h 20 135 44
h 20 148 40
h 20 168 152
h 21 3 165
h 21 10 60
h 21 25 141
h 21 46 73
h 21 50 90
h 21 53 38
h 21 68 188
h 21 80 188
h 21 100 122
h 21 101 16
h 21 111 180
h 21 112 108
h 21 118 24
h 21 143 157
h 21 162 121
h 21 164 84
h 21 167 29
h 21 184 74
h 21 194 38
h 22 9 53
h 22 31 25
h 22 71 11
h 22 76 32
h 22 81 19
h 22 84 149
h 22 92 175
h 22 102 104
h 22 149 49
h 22 159 131
h 22 161 39
h 22 187 183
h 22 190 182
h 23 2 178
h 23 13 144
h 23 19 65
h 23 40 191
h 23 83 93
h 23 88 92
h 23 106 149
h 23 113 132
h 23 135 196
h 23 170 191
h 24 12 106
h 24 14 95
h 24 67 7
h 24 70 181
h 24 78 163
h 24 89 181
h 24 96 151
h 24 103 195
h 24 108 6
h 24 120 111
h 24 139 16
h 24 152 88
h 24 154 104
h 24 172 47
h 24 174 171
h 24 177 29
h 24 179 167
h 24 199 69
h 25 3 155
h 25 10 140
h 25 21 141
h 25 53 9
h 25 68 129
h 25 80 176
h 25 91 37
h 25 111 54
h 25 143 162
h 25 145 103
h 25 169 16
h 25 184 148
h 26 6 181
h 26 34 152
h 26 59 107
h 26 65 18
h 26 67 70
h 26 93 80
h 26 98 92
h 26 107 26
h 26 108 116
h 26 147 135
h 26 150 110
h 26 163 177
h 26 193 169
h 26 199 123
h 27 2 8
h 27 9 181
h 27 81 12
h 27 92 44
h 27 106 94
h 27 159 6
h 27 190 20
h 28 44 142
h 28 49 96
h 28 82 29
h 28 95 193
h 28 99 112
h 28 104 115
h 28 132 63
h 28 133 108
h 28 158 148
h 28 160 52
h 28 195 109
h 29 1 62
h 29 33 159
h 29 39 9
h 29 60 19
h 29 63 94
h 29 64 31
h 29 79 159
h 29 138 123
h 29 140 143
h 29 146 110
h 29 153 83
h 29 156 70
h 29 157 32
h 29 173 37
h 29 175 33
h 29 183 151
h 29 185 174
h 29 188 7
h 29 189 6
h 30 43 68
h 30 56 152
h 30 61 91
h 30 75 21
h 30 129 161
h 30 134 126
h 30 175 51
h 30 182 56
h 30 189 5
h 31 1 167
h 31 22 25
h 31 60 159
h 31 63 106
h 31 66 88
h 31 81 186
h 31 94 184
h 31 138 124
h 31 159 173
h 31 161 89
h 31 183 69
h 31 187 115
h 31 190 113
h 32 15 194
h 32 16 162
h 32 39 87
h 32 45 105
h 32 57 121
h 32 65 147
h 32 71 13
h 32 73 178
h 32 79 57
h 32 91 60
h 32 97 22
h 32 98 83
h 32 107 102
h 32 109 147
h 32 116 161
h 32 122 87
h 32 131 104
h 32 141 99
h 32 155 117
h 32 169 5
h 32 173 63
h 32 191 100
h 33 29 159
h 33 39 100
h 33 61 87
h 33 79 173
h 33 97 13
h 33 117 132
h 33 134 77
h 33 140 194
h 33 146 88
h 33 156 174
h 33 157 149
h 33 173 126
h 33 175 134
h 33 183 30
h 33 185 112
h 33 189 85
h 33 191 24
h 33 198 45
h 34 6 168
h 34 26 152
h 34 35 71
h 34 59 167
h 34 93 138
h 34 108 135
h 34 127 110
h 34 150 148
h 34 163 101
h 34 193 92
h 34 199 28
h 35 6 88
h 35 34 71
h 35 70 74
h 35 96 114
h 35 103 8
h 35 108 162
h 35 120 149
h 35 123 20
h 35 124 66
h 35 127 56
h 35 136 42
h 35 150 170
h 35 179 105
h 35 199 10
h 36 17 122
h 36 18 73
h 36 52 166
h 36 67 28
h 36 76 86
h 36 85 87
h 36 114 134
h 36 119 76
h 36 148 19
h 36 149 87
h 36 152 133
h 36 174 29
h 36 186 179
h 37 5 163
h 37 7 194
h 37 43 113
h 37 56 19
h 37 75 107
h 37 86 154
h 37 87 180
h 37 115 198
h 37 137 124
h 37 176 83
h 37 182 187
h 37 192 76
h 38 11 29
h 38 41 117
h 38 51 50
h 38 58 56
h 38 62 160
h 38 72 156
h 38 110 175
h 38 124 60
h 38 136 42
h 38 200 180
h 39 15 81
h 39 29 9
h 39 32 87
h 39 33 100
h 39 57 141
h 39 73 122
h 39 79 143
h 39 97 177
h 39 105 53
h 39 109 19
h 39 117 152
h 39 131 27
h 39 140 58
h 39 141 127
h 39 156 106
h 39 157 165
h 39 173 197
h 39 191 189
h 39 192 9
h 40 2 151
h 40 13 100
h 40 23 191
h 40 83 63
h 40 88 27
h 40 106 128
h 40 113 78
h 40 135 177
h 40 170 173
h 41 11 168
h 41 38 117
h 41 51 92
h 41 58 191
h 41 62 147
h 41 72 62
h 41 77 59
h 41 110 89
h 41 136 5
h 41 200 20
h 42 49 95
h 42 64 98
h 42 82 171
h 42 95 33
h 42 121 131
h 42 132 185
h 42 133 157
h 42 153 44
h 42 158 126
h 42 181 123
h 42 188 99
h 43 5 8
h 43 7 66
h 43 30 68
h 43 37 113
h 43 56 160
h 43 75 196
h 43 86 104
h 43 87 53
h 43 97 54
h 43 105 57
h 43 115 92
h 43 117 95
h 43 137 67
h 43 156 25
h 43 157 63
h 43 176 51
h 43 182 97
h 43 192 173
h 44 28 142
h 44 49 24
h 44 95 110
h 44 99 150
h 44 104 105
h 44 129 34
h 44 158 32
h 44 160 94
h 44 195 180
h 44 198 16
h 45 15 55
h 45 16 33
h 45 32 105
h 45 57 137
h 45 65 119
h 45 73 152
h 45 91 193
h 45 93 48
h 45 98 151
h 45 107 27
h 45 109 193
h 45 131 193
h 45 141 139
h 45 145 101
h 45 163 50
h 45 169 179
h 45 191 49
h 45 193 68
h 46 8 50
h 46 21 73
h 46 50 198
h 46 53 122
h 46 68 126
h 46 100 135
h 46 101 186
h 46 111 107
h 46 118 190
h 46 125 61
h 46 126 172
h 46 130 101
h 46 143 72
h 46 151 96
h 46 162 188
h 46 164 102
h 46 167 115
h 46 178 169
h 46 194 197
h 46 196 76
h 46 197 38
h 47 10 139
h 47 48 164
h 47 53 49
h 47 55 134
h 47 59 13
h 47 69 121
h 47 90 113
h 47 93 24
h 47 127 60
h 47 128 93
h 47 130 59
h 47 143 28
h 47 144 143
h 47 145 40
h 47 165 75
h 47 166 34
h 47 180 150
h 47 184 130
h 48 4 60
h 48 10 13
h 48 47 164
h 48 55 175
h 48 59 23
h 48 69 122
h 48 90 55
h 48 93 9
h 48 123 47
h 48 127 152
h 48 128 126
h 48 144 196
h 48 165 112
h 48 171 47
h 48 180 160
h 49 28 96
h 49 42 95
h 49 44 24
h 49 61 25
h 49 64 154
h 49 82 172
h 49 95 129
h 49 99 136
h 49 104 181
h 49 121 157
h 49 132 127
h 49 133 178
h 49 146 120
h 49 153 37
h 49 158 175
h 49 160 142
h 49 175 12
h 49 181 169
h 49 188 172
h 49 189 106
h 49 195 77
h 49 198 141
h 50 8 36
h 50 21 90
h 50 46 198
h 50 53 136
h 50 68 141
h 50 80 18
h 50 100 133
h 50 101 177
h 50 111 115
h 50 118 183
h 50 125 35
h 50 126 160
h 50 130 115
h 50 143 95
h 50 151 100
h 50 162 188
h 50 164 95
h 50 167 104
h 50 178 157
h 50 194 192
h 50 196 55
h 50 197 10
h 51 11 142
h 51 38 50
h 51 41 92
h 51 58 83
h 51 62 164
h 51 72 131
h 51 77 181
h 51 110 122
h 51 124 20
h 51 136 175
h 51 139 128
h 51 154 76
h 51 177 81
h 52 17 112
h 52 18 86
h 52 36 166
h 52 76 23
h 52 114 87
h 52 119 159
h 52 149 11
h 52 152 139
h 52 168 67
h 52 174 30
h 52 186 196
h 53 10 125
h 53 21 38
h 53 25 9
h 53 46 122
h 53 47 49
h 53 50 136
h 53 68 113
h 53 69 16
h 53 90 122
h 53 101 47
h 53 118 64
h 53 126 8
h 53 130 196
h 53 143 137
h 53 151 148
h 53 162 86
h 53 166 50
h 53 184 125
h 53 194 101
h 54 16 34
h 54 67 33
h 54 71 96
h 54 84 140
h 54 85 90
h 54 107 76
h 54 116 20
h 54 122 68
h 54 147 27
h 54 149 21
h 54 155 52
h 55 4 127
h 55 47 134
h 55 48 175
h 55 69 177
h 55 90 113
h 55 123 46
h 55 127 82
h 55 128 186
h 55 144 185
h 55 165 180
h 55 166 97
h 55 171 88
h 55 180 192
h 56 30 152
h 56 37 19
h 56 43 160
h 56 61 98
h 56 75 137
h 56 97 5
h 56 117 129
h 56 129 32
h 56 134 137
h 56 140 23
h 56 156 115
h 56 157 104
h 56 175 92
h 56 182 40
h 56 189 8
h 56 192 82
h 57 15 87
h 57 32 121
h 57 39 141
h 57 45 137
h 57 65 21
h 57 73 181
h 57 91 138
h 57 97 155
h 57 98 7
h 57 105 105
h 57 109 150
h 57 117 15
h 57 131 167
h 57 141 198
h 57 157 29
h 57 169 54
h 57 173 116
h 57 191 179
h 58 11 182
h 58 38 56
h 58 41 191
h 58 51 83
h 58 62 114
h 58 72 6
h 58 77 74
h 58 110 32
h 59 6 88
h 59 26 107
h 59 34 167
h 59 47 13
h 59 48 23
h 59 93 195
h 59 98 62
h 59 108 13
h 59 127 87
h 59 145 126
h 59 150 35
h 59 163 102
h 59 169 104
h 59 193 101
h 60 1 176
h 60 29 19
h 60 31 159
h 60 63 186
h 60 66 124
h 60 81 128
h 60 94 171
h 60 138 169
h 60 153 127
h 60 159 68
h 60 161 26
h 60 183 157
h 60 185 78
h 61 30 91
h 61 33 87
h 61 49 25
h 61 56 98
h 61 99 105
h 61 104 90
h 61 117 60
h 61 129 38
h 61 134 195
h 61 140 130
h 61 146 69
h 61 156 133
h 61 157 52
h 61 160 152
h 61 175 193
h 61 188 17
h 61 189 185
h 61 195 71
h 61 198 168
h 62 11 130
h 62 38 160
h 62 41 147
h 62 51 164
h 62 58 114
h 62 72 177
h 62 77 104
h 62 110 183
h 62 124 69
h 62 136 144
h 62 200 120
h 63 1 165
h 63 29 94
h 63 31 106
h 63 60 186
h 63 64 68
h 63 66 71
h 63 81 52
h 63 94 119
h 63 121 58
h 63 138 180
h 63 146 71
h 63 153 170
h 63 161 5
h 63 181 38
h 63 183 188
h 63 185 146
h 63 188 30
h 64 29 31
h 64 42 98
h 64 49 154
h 64 63 68
h 64 82 167
h 64 99 18
h 64 104 99
h 64 121 196
h 64 132 81
h 64 133 125
h 64 140 22
h 64 146 182
h 64 153 163
h 64 158 90
h 64 160 66
h 64 175 15
h 64 181 197
h 64 183 68
h 64 185 132
h 64 188 197
h 64 189 87
h 64 198 109
h 65 15 129
h 65 16 173
h 65 26 18
h 65 32 147
h 65 45 119
h 65 57 21
h 65 73 111
h 65 91 66
h 65 98 175
h 65 107 182
h 65 109 145
h 65 116 139
h 65 122 58
h 65 131 85
h 65 155 87
h 65 163 121
h 65 169 75
h 65 193 132
h 66 1 30
h 66 31 88
h 66 60 124
h 66 63 71
h 66 81 118
h 66 94 156
h 66 153 23
h 67 6 57
h 67 24 7
h 67 26 70
h 67 36 28
h 67 54 33
h 67 70 34
h 67 85 189
h 67 108 11
h 67 147 186
h 67 152 27
h 67 163 20
h 67 174 25
h 67 179 16
h 67 199 169
h 68 3 118
h 68 10 101
h 68 21 188
h 68 25 129
h 68 46 126
h 68 50 141
h 68 53 113
h 68 80 165
h 68 100 122
h 68 101 68
h 68 111 168
h 68 112 53
h 68 118 78
h 68 126 34
h 68 130 77
h 68 143 180
h 68 162 151
h 68 164 76
h 68 167 37
h 68 178 44
h 68 184 111
h 68 194 97
h 69 4 77
h 69 47 121
h 69 48 122
h 69 53 16
h 69 55 177
h 69 90 174
h 69 128 192
h 69 130 53
h 69 144 131
h 69 165 189
h 69 166 170
h 69 180 193
h 70 6 33
h 70 14 10
h 70 24 181
h 70 35 74
h 70 67 34
h 70 78 92
h 70 89 152
h 70 96 180
h 70 103 185
h 70 108 107
h 70 120 160
h 70 139 6
h 70 150 81
h 70 152 9
h 70 154 101
h 70 174 117
h 70 179 197
h 70 199 120
h 71 1 24
h 71 15 60
h 71 16 112
h 71 22 11
h 71 32 13
h 71 54 96
h 71 84 64
h 71 107 58
h 71 116 141
h 71 122 190
h 71 155 179
h 71 161 176
h 71 187 46
h 71 190 6
h 72 11 32
h 72 38 156
h 72 41 62
h 72 51 131
h 72 58 6
h 72 62 177
h 72 77 40
h 72 110 197
h 72 123 31
h 72 124 154
h 72 136 157
h 72 200 158
h 73 15 155
h 73 16 92
h 73 32 178
h 73 39 122
h 73 45 152
h 73 57 181
h 73 65 111
h 73 79 29
h 73 91 132
h 73 97 101
h 73 98 79
h 73 107 28
h 73 109 176
h 73 116 82
h 73 131 165
h 73 141 170
h 73 155 10
h 73 169 68
h 73 173 95
h 73 191 153
h 74 5 83
h 74 8 121
h 74 86 46
h 74 87 51
h 74 100 66
h 74 111 38
h 74 112 153
h 74 137 84
h 74 142 185
h 74 164 105
h 74 167 64
h 74 176 79
h 75 5 18
h 75 7 60
h 75 30 21
h 75 37 107
h 75 43 196
h 75 56 137
h 75 86 123
h 75 87 60
h 75 97 78
h 75 105 97
h 75 115 84
h 75 117 91
h 75 137 93
h 75 156 6
h 75 157 60
h 75 176 85
h 75 182 77
h 75 192 189
h 76 17 175
h 76 18 157
h 76 19 107
h 76 22 32
h 76 36 86
h 76 52 23
h 76 84 104
h 76 88 59
h 76 92 63
h 76 102 186
h 76 113 57
h 76 114 192
h 76 148 179
h 76 149 198
h 76 168 53
h 76 186 68
h 77 11 149
h 77 41 59
h 77 51 181
h 77 58 74
h 77 62 104
h 77 72 40
h 77 110 29
h 77 136 128
h 77 139 161
h 77 154 101
h 77 172 52
h 77 177 137
h 78 12 186
h 78 14 160
h 78 24 163
h 78 70 92
h 78 89 165
h 78 96 54
h 78 103 148
h 78 119 76
h 78 152 124
h 78 154 59
h 78 172 95
h 78 174 179
h 78 177 30
h 78 179 64
h 79 15 85
h 79 29 159
h 79 32 57
h 79 33 173
h 79 39 143
h 79 73 29
h 79 97 53
h 79 116 6
h 79 117 105
h 79 140 142
h 79 156 122
h 79 157 131
h 79 173 155
h 79 175 25
h 79 183 30
h 79 185 74
h 79 191 90
h 80 3 188
h 80 10 82
h 80 21 188
h 80 25 176
h 80 50 18
h 80 68 165
h 80 100 51
h 80 105 14
h 80 111 141
h 80 112 69
h 80 143 156
h 80 162 51
h 80 184 95
h 81 1 114
h 81 22 19
h 81 27 12
h 81 31 186
h 81 60 128
h 81 63 52
h 81 66 118
h 81 94 187
h 81 138 55
h 81 159 171
h 81 161 10
h 81 187 104
h 81 190 113
h 82 28 29
h 82 42 171
h 82 49 172
h 82 64 167
h 82 95 85
h 82 99 26
h 82 104 108
h 82 121 182
h 82 132 173
h 82 133 187
h 82 146 105
h 82 153 94
h 82 158 165
h 82 160 39
h 82 181 182
h 82 185 8
h 82 188 173
h 82 189 9
h 82 198 54
h 83 2 34
h 83 13 163
h 83 19 62
h 83 20 154
h 83 23 93
h 83 40 63
h 83 88 110
h 83 113 54
h 83 135 117
h 83 168 19
h 83 170 52
h 84 22 149
h 84 54 140
h 84 71 64
h 84 76 104
h 84 92 98
h 84 102 128
h 84 114 69
h 84 148 18
h 84 149 124
h 84 161 22
h 84 187 103
h 84 190 85
h 85 36 87
h 85 54 90
h 85 67 189
h 85 147 163
h 85 152 44
h 85 174 7
h 85 199 122
h 86 5 163
h 86 7 143
h 86 37 154
h 86 43 104
h 86 74 46
h 86 75 123
h 86 87 174
h 86 105 42
h 86 112 54
h 86 115 144
h 86 137 195
h 86 176 183
h 86 182 95
h 86 192 135
h 87 5 196
h 87 7 188
h 87 37 180
h 87 43 53
h 87 74 51
h 87 75 60
h 87 86 174
h 87 115 181
h 87 137 162
h 87 176 129
h 87 182 142
h 87 192 51
h 88 2 121
h 88 13 183
h 88 17 83
h 88 18 130
h 88 19 194
h 88 20 148
h 88 23 92
h 88 40 27
h 88 76 59
h 88 83 110
h 88 102 64
h 88 106 55
h 88 113 178
h 88 114 38
h 88 135 129
h 88 148 146
h 88 149 34
h 88 168 126
h 88 170 107
h 89 12 120
h 89 14 151
h 89 24 181
h 89 70 152
h 89 78 165
h 89 96 154
h 89 103 189
h 89 120 116
h 89 139 106
h 89 152 21
h 89 154 160
h 89 172 132
h 89 174 134
h 89 177 121
h 89 179 141
h 90 10 53
h 90 47 113
h 90 48 55
h 90 53 122
h 90 55 113
h 90 69 174
h 90 128 140
h 90 130 147
h 90 144 52
h 90 151 113
h 90 165 134
h 90 166 181
h 90 180 156
h 90 184 42
h 91 25 37
h 91 32 60
h 91 45 193
h 91 57 138
h 91 65 66
h 91 73 132
h 91 93 51
h 91 98 115
h 91 105 10
h 91 109 177
h 91 131 194
h 91 141 146
h 91 145 128
h 91 169 180
h 91 191 47
h 91 193 22
h 92 2 41
h 92 9 126
h 92 19 14
h 92 22 175
h 92 27 44
h 92 76 63
h 92 84 98
h 92 102 135
h 92 106 77
h 92 113 64
h 92 148 56
h 92 149 70
h 92 159 74
h 92 187 135
h 92 190 147
h 93 6 45
h 93 26 80
h 93 34 138
h 93 45 48
h 93 47 24
h 93 48 9
h 93 59 195
h 93 91 51
h 93 98 80
h 93 127 52
h 93 145 158
h 93 163 95
h 93 169 138
h 93 193 98
h 94 1 142
h 94 31 184
h 94 60 171
h 94 63 119
h 94 66 156
h 94 81 187
h 94 138 103
h 94 153 20
h 94 159 133
h 94 183 63
h 94 187 41
h 94 190 47
h 95 28 193
h 95 42 33
h 95 44 110
h 95 49 129
h 95 82 85
h 95 99 109
h 95 104 129
h 95 132 114
h 95 133 148
h 95 158 176
h 95 160 60
h 95 181 21
h 95 188 19
h 95 195 90
h 95 198 5
h 96 14 18
h 96 24 151
h 96 35 114
h 96 70 180
h 96 78 54
h 96 89 154
h 96 103 174
h 96 108 92
h 96 120 193
h 96 136 46
h 96 139 94
h 96 150 76
h 96 154 157
h 96 172 26
h 96 174 48
h 96 177 72
h 96 179 187
h 96 199 41
h 97 32 22
h 97 33 13
h 97 39 177
h 97 43 54
h 97 56 5
h 97 57 155
h 97 73 101
h 97 75 78
h 97 79 53
h 97 105 144
h 97 109 12
h 97 117 143
h 97 131 50
h 97 141 153
h 97 156 62
h 97 157 143
h 97 173 169
h 97 191 188
h 97 192 105
h 98 15 42
h 98 16 97
h 98 26 92
h 98 32 83
h 98 45 151
h 98 57 7
h 98 59 62
h 98 65 175
h 98 73 79
h 98 91 115
h 98 93 80
h 98 107 137
h 98 109 153
h 98 116 38
h 98 131 111
h 98 145 45
h 98 163 168
h 98 169 149
h 98 193 176
h 99 28 112
h 99 44 150
h 99 49 136
h 99 61 105
h 99 64 18
h 99 82 26
h 99 95 109
h 99 104 186
h 99 121 5
h 99 129 30
h 99 133 68
h 99 134 74
h 99 146 19
h 99 158 96
h 99 160 189
h 99 175 65
h 99 181 34
h 99 188 57
h 99 189 133
h 99 195 188
h 99 198 157
h 100 3 14
h 100 8 166
h 100 21 122
h 100 46 135
h 100 50 133
h 100 68 122
h 100 74 66
h 100 80 51
h 100 101 141
h 100 111 178
h 100 112 136
h 100 118 139
h 100 125 56
h 100 126 133
h 100 142 17
h 100 143 25
h 100 162 176
h 100 164 194
h 100 167 181
h 100 178 151
h 100 194 127
h 100 196 125
h 100 197 39
h 101 8 98
h 101 21 16
h 101 46 186
h 101 50 177
h 101 53 47
h 101 68 68
h 101 100 141
h 101 111 82
h 101 118 199
h 101 125 134
h 101 126 197
h 101 130 22
h 101 151 49
h 101 162 177
h 101 164 123
h 101 167 151
h 101 178 195
h 101 194 193
h 101 196 140
h 101 197 118
h 102 17 133
h 102 18 119
h 102 19 111
h 102 22 104
h 102 76 186
h 102 84 128
h 102 88 64
h 102 92 135
h 102 113 93
h 102 114 159
h 102 148 172
h 102 149 187
h 102 187 8
h 102 190 10
h 103 12 84
h 103 14 99
h 103 24 195
h 103 35 8
h 103 70 185
h 103 78 148
h 103 89 189
h 103 96 174
h 103 108 23
h 103 120 143
h 103 139 66
h 103 152 37
h 103 154 140
h 103 172 71
h 103 174 144
h 103 177 71
h 103 179 177
h 103 199 50
h 104 28 115
h 104 44 105
h 104 49 181
h 104 61 90
h 104 64 99
h 104 82 108
h 104 95 129
h 104 99 186
h 104 121 92
h 104 132 50
h 104 133 132
h 104 134 45
h 104 146 86
h 104 158 144
h 104 160 185
h 104 175 64
h 104 181 113
h 104 188 127
h 104 189 141
h 104 195 152
h 104 198 169
h 105 3 94
h 105 39 53
h 105 43 57
h 105 57 105
h 105 75 97
h 105 80 14
h 105 86 42
h 105 91 10
h 105 97 144
h 105 117 18
h 105 131 32
h 105 137 47
h 105 141 123
h 105 173 32
h 105 176 84
h 105 191 103
h 105 192 149
h 106 2 187
h 106 9 146
h 106 13 68
h 106 19 57
h 106 23 149
h 106 27 94
h 106 40 128
h 106 88 55
h 106 92 77
h 106 113 141
h 106 135 144
h 106 170 181
h 107 15 96
h 107 16 177
h 107 26 26
h 107 32 102
h 107 45 27
h 107 54 76
h 107 65 182
h 107 71 58
h 107 73 28
h 107 98 137
h 107 109 66
h 107 116 145
h 107 122 98
h 107 147 50
h 107 155 114
h 107 163 113
h 107 193 119
h 108 6 176
h 108 24 6
h 108 26 116
h 108 34 135
h 108 35 162
h 108 59 13
h 108 67 11
h 108 70 107
h 108 96 92
h 108 103 23
h 108 120 112
h 108 127 17
h 108 147 46
h 108 150 197
h 108 163 7
h 108 179 126
h 108 199 131
h 109 15 108
h 109 16 85
h 109 32 147
h 109 39 19
h 109 45 193
h 109 57 150
h 109 65 145
h 109 73 176
h 109 91 177
h 109 97 12
h 109 98 153
h 109 107 66
h 109 116 49
h 109 131 188
h 109 141 145
h 109 145 47
h 109 163 44
h 109 169 153
h 109 191 78
h 109 193 63
h 110 11 45
h 110 38 175
h 110 41 89
h 110 51 122
h 110 58 32
h 110 62 183
h 110 72 197
h 110 77 29
h 110 123 7
h 110 124 136
h 110 136 138
h 110 200 170
h 111 3 118
h 111 8 102
h 111 21 180
h 111 25 54
h 111 46 107
h 111 50 115
h 111 68 168
h 111 74 38
h 111 80 141
h 111 100 178
h 111 101 82
h 111 112 153
h 111 118 85
h 111 126 61
h 111 143 101
h 111 162 158
h 111 164 159
h 111 167 121
h 111 178 82
h 111 194 85
h 111 196 24
h 112 3 86
h 112 5 11
h 112 8 112
h 112 21 108
h 112 68 53
h 112 74 153
h 112 80 69
h 112 86 54
h 112 100 136
h 112 111 153
h 112 137 101
h 112 142 90
h 112 162 50
h 112 164 143
h 112 167 89
h 112 176 124
h 113 2 174
h 113 9 23
h 113 13 163
h 113 17 37
h 113 18 79
h 113 19 181
h 113 20 64
h 113 23 132
h 113 40 78
h 113 76 57
h 113 83 54
h 113 88 178
h 113 92 64
h 113 102 93
h 113 106 141
h 113 114 13
h 113 135 155
h 113 148 136
h 113 149 38
h 113 168 36
h 113 170 159
h 114 17 189
h 114 18 168
h 114 19 86
h 114 36 134
h 114 52 87
h 114 76 192
h 114 84 69
h 114 88 38
h 114 102 159
h 114 113 13
h 114 148 167
h 114 149 189
h 114 168 78
h 114 186 123
h 115 5 167
h 115 7 198
h 115 37 198
h 115 43 92
h 115 75 84
h 115 86 144
h 115 87 181
h 115 137 113
h 115 176 68
h 115 182 189
h 115 192 49
h 116 15 177
h 116 16 192
h 116 32 161
h 116 54 20
h 116 65 139
h 116 71 141
h 116 73 82
h 116 79 6
h 116 98 38
h 116 107 145
h 116 109 49
h 116 122 178
h 116 155 189
h 116 161 76
h 117 33 132
h 117 39 152
h 117 43 95
h 117 56 129
h 117 57 15
h 117 61 60
h 117 75 91
h 117 79 105
h 117 97 143
h 117 105 18
h 117 134 86
h 117 140 123
h 117 156 179
h 117 157 197
h 117 173 167
h 117 175 95
h 117 191 116
h 117 192 70
h 118 8 87
h 118 21 24
h 118 46 190
h 118 50 183
h 118 53 64
h 118 68 78
h 118 100 139
h 118 101 199
h 118 111 85
h 118 125 123
h 118 126 195
h 118 130 40
h 118 151 63
h 118 162 180
h 118 164 118
h 118 167 144
h 118 178 192
h 118 194 196
h 118 196 128
h 118 197 105
h 119 12 113
h 119 36 76
h 119 52 159
h 119 78 76
h 119 152 149
h 119 174 88
h 119 186 132
h 120 24 111
h 120 35 149
h 120 70 160
h 120 89 116
h 120 96 193
h 120 103 143
h 120 108 112
h 120 136 84
h 120 139 85
h 120 150 102
h 120 154 144
h 120 177 50
h 120 179 174
h 120 199 23
h 121 42 131
h 121 49 157
h 121 63 58
h 121 64 196
h 121 82 182
h 121 99 5
h 121 104 92
h 121 132 113
h 121 133 144
h 121 146 163
h 121 153 158
h 121 158 109
h 121 160 46
h 121 181 198
h 121 183 46
h 121 185 107
h 121 188 194
h 121 189 55
h 121 198 84
h 122 15 123
h 122 16 154
h 122 32 87
h 122 54 68
h 122 65 58
h 122 71 190
h 122 107 98
h 122 116 178
h 122 155 197
h 122 161 155
h 123 4 130
h 123 35 20
h 123 48 47
h 123 55 46
h 123 72 31
h 123 110 7
h 123 124 155
h 123 127 103
h 123 144 81
h 123 171 179
h 123 200 46
h 124 35 66
h 124 38 60
h 124 51 20
h 124 62 69
h 124 72 154
h 124 110 136
h 124 123 155
h 124 136 112
h 124 171 98
h 124 200 121
h 125 8 103
h 125 46 61
h 125 50 35
h 125 100 56
h 125 101 134
h 125 118 123
h 125 126 157
h 125 162 56
h 125 164 72
h 125 167 132
h 125 178 157
h 125 194 91
h 125 196 182
h 125 197 199
h 126 8 107
h 126 46 172
h 126 50 160
h 126 53 8
h 126 68 34
h 126 100 133
h 126 101 197
h 126 111 61
h 126 118 195
h 126 125 157
h 126 151 23
h 126 162 164
h 126 164 122
h 126 167 156
h 126 178 198
h 126 194 184
h 126 196 157
h 126 197 144
h 127 34 110
h 127 35 56
h 127 47 60
h 127 48 152
h 127 55 82
h 127 59 87
h 127 93 52
h 127 108 17
h 127 123 103
h 127 144 149
h 127 150 55
h 127 171 48
h 127 180 33
h 128 4 129
h 128 47 93
h 128 48 126
h 128 55 186
h 128 69 192
h 128 90 140
h 128 144 144
h 128 165 199
h 128 166 149
h 128 171 66
h 128 180 189
h 129 30 161
h 129 44 34
h 129 56 32
h 129 61 38
h 129 99 30
h 129 134 63
h 129 160 17
h 129 195 82
h 130 10 111
h 130 46 101
h 130 47 59
h 130 50 115
h 130 53 196
h 130 68 77
h 130 69 53
h 130 90 147
h 130 101 22
h 130 118 40
h 130 143 110
h 130 151 162
h 130 162 53
h 130 166 89
h 130 180 32
h 130 184 109
h 130 194 81
h 131 15 55
h 131 16 5
h 131 32 104
h 131 39 27
h 131 45 193
h 131 57 167
h 131 65 85
h 131 73 165
h 131 91 194
h 131 97 50
h 131 98 111
h 131 105 32
h 131 109 188
h 131 141 170
h 131 145 82
h 131 169 159
h 131 191 96
h 132 28 63
h 132 42 185
h 132 49 127
h 132 64 81
h 132 82 173
h 132 95 114
h 132 104 50
h 132 121 113
h 132 133 184
h 132 158 171
h 132 181 113
h 132 188 93
h 133 28 108
h 133 42 157
h 133 49 178
h 133 64 125
h 133 82 187
h 133 95 148
h 133 99 68
h 133 104 132
h 133 121 144
h 133 132 184
h 133 146 52
h 133 153 10
h 133 158 194
h 133 160 59
h 133 181 150
h 133 188 142
h 133 198 49
h 134 30 126
h 134 33 77
h 134 56 137
h 134 61 195
h 134 99 74
h 134 104 45
h 134 117 86
h 134 129 63
h 134 140 118
h 134 146 19
h 134 156 141
h 134 157 74
h 134 160 124
h 134 175 186
h 134 189 163
h 134 195 48
h 134 198 139
h 135 2 181
h 135 13 169
h 135 19 105
h 135 20 44
h 135 23 196
h 135 40 177
h 135 83 117
h 135 88 129
h 135 106 144
h 135 113 155
h 135 170 190
h 136 11 48
h 136 35 42
h 136 38 42
h 136 41 5
h 136 51 175
h 136 62 144
h 136 72 157
h 136 77 128
h 136 96 46
h 136 110 138
h 136 120 84
h 136 124 112
h 136 139 109
h 136 154 90
h 136 177 49
h 136 200 33
h 137 5 156
h 137 7 117
h 137 37 124
h 137 43 67
h 137 74 84
h 137 75 93
h 137 86 195
h 137 87 162
h 137 105 47
h 137 112 101
h 137 115 113
h 137 142 5
h 137 176 194
h 137 182 51
h 137 192 118
h 138 1 190
h 138 29 123
h 138 31 124
h 138 60 169
h 138 63 180
h 138 81 55
h 138 94 103
h 138 146 19
h 138 153 115
h 138 159 34
h 138 161 104
h 138 183 188
h 138 185 132
h 139 11 22
h 139 14 77
h 139 24 16
h 139 51 128
h 139 70 6
h 139 77 161
h 139 89 106
h 139 96 94
h 139 103 66
h 139 120 85
h 139 136 109
h 139 154 184
h 139 172 145
h 139 177 192
h 139 179 14
h 140 29 143
h 140 33 194
h 140 39 58
h 140 56 23
h 140 61 130
h 140 64 22
h 140 79 142
h 140 117 123
h 140 134 118
h 140 146 117
h 140 156 178
h 140 157 136
h 140 160 28
h 140 173 91
h 140 175 166
h 140 183 16
h 140 185 115
h 140 188 20
h 140 189 131
h 140 198 99
h 141 15 59
h 141 32 99
h 141 39 127
h 141 45 139
h 141 57 198
h 141 73 170
h 141 91 146
h 141 97 153
h 141 105 123
h 141 109 145
h 141 131 170
h 141 157 13
h 141 169 63
h 141 173 99
h 141 191 171
h 142 5 46
h 142 8 115
h 142 74 185
h 142 100 17
h 142 112 90
h 142 137 5
h 142 164 72
h 142 167 47
h 142 196 12
h 143 3 100
h 143 10 169
h 143 21 157
h 143 25 162
h 143 46 72
h 143 47 28
h 143 50 95
h 143 53 137
h 143 68 180
h 143 80 156
h 143 100 25
h 143 111 101
h 143 130 110
h 143 145 9
h 143 162 86
h 143 184 175
h 143 194 34
h 144 4 101
h 144 47 143
h 144 48 196
h 144 55 185
h 144 69 131
h 144 90 52
h 144 123 81
h 144 127 149
h 144 128 144
h 144 165 133
h 144 166 12
h 144 171 89
h 144 180 165
h 145 10 88
h 145 25 103
h 145 45 101
h 145 47 40
h 145 59 126
h 145 91 128
h 145 93 158
h 145 98 45
h 145 109 47
h 145 131 82
h 145 143 9
h 145 169 165
h 145 184 88
h 146 29 110
h 146 33 88
h 146 49 120
h 146 61 69
h 146 63 71
h 146 64 182
h 146 82 105
h 146 99 19
h 146 104 86
h 146 121 163
h 146 133 52
h 146 134 19
h 146 138 19
h 146 140 117
h 146 153 150
h 146 156 20
h 146 158 16
h 146 160 84
h 146 175 97
h 146 181 167
h 146 183 98
h 146 185 169
h 146 188 178
h 146 189 135
h 146 198 138
h 147 6 110
h 147 26 135
h 147 54 27
h 147 67 186
h 147 85 163
h 147 107 50
h 147 108 46
h 147 150 17
h 147 163 106
h 147 193 93
h 147 199 170
h 148 2 34
h 148 13 71
h 148 17 174
h 148 18 180
h 148 19 173
h 148 20 40
h 148 36 19
h 148 76 179
h 148 84 18
h 148 88 146
h 148 92 56
h 148 102 172
h 148 113 136
h 148 114 167
h 148 149 169
h 148 168 116
h 148 186 37
h 149 17 166
h 149 18 142
h 149 19 87
h 149 22 49
h 149 36 87
h 149 52 11
h 149 54 21
h 149 76 198
h 149 84 124
h 149 88 34
h 149 92 70
h 149 102 187
h 149 113 38
h 149 114 189
h 149 148 169
h 149 168 26
h 149 186 58
h 150 6 173
h 150 26 110
h 150 34 148
h 150 35 170
h 150 59 35
h 150 70 81
h 150 96 76
h 150 108 197
h 150 120 102
h 150 127 55
h 150 147 17
h 150 179 105
h 150 199 106
h 151 46 96
h 151 50 100
h 151 53 148
h 151 90 113
h 151 101 49
h 151 118 63
h 151 126 23
h 151 130 162
h 151 162 22
h 151 166 97
h 151 194 96
h 152 12 110
h 152 24 88
h 152 36 133
h 152 52 139
h 152 67 27
h 152 70 9
h 152 78 124
h 152 85 44
h 152 89 21
h 152 103 37
h 152 119 149
h 152 174 171
h 152 186 125
h 153 1 72
h 153 29 83
h 153 42 44
h 153 49 37
h 153 60 127
h 153 63 170
h 153 64 163
h 153 66 23
h 153 82 94
h 153 94 20
h 153 121 158
h 153 133 10
h 153 138 115
h 153 146 150
h 153 181 147
h 153 183 159
h 153 185 165
h 153 188 141
h 154 14 101
h 154 24 104
h 154 51 76
h 154 70 101
h 154 77 101
h 154 78 59
h 154 89 160
h 154 96 157
h 154 103 140
h 154 120 144
h 154 136 90
h 154 139 184
h 154 172 140
h 154 177 176
h 154 179 105
h 155 15 147
h 155 16 170
h 155 32 117
h 155 54 52
h 155 65 87
h 155 71 179
h 155 73 10
h 155 107 114
h 155 116 189
h 155 122 197
h 155 161 135
h 156 29 70
h 156 33 174
h 156 39 106
h 156 43 25
h 156 56 115
h 156 61 133
h 156 75 6
h 156 79 122
h 156 97 62
h 156 117 179
h 156 134 141
h 156 140 178
h 156 146 20
h 156 157 182
h 156 173 133
h 156 175 162
h 156 185 10
h 156 189 99
h 156 191 41
h 156 198 53
h 157 29 32
h 157 33 149
h 157 39 165
h 157 43 63
h 157 56 104
h 157 57 29
h 157 61 52
h 157 75 60
h 157 79 131
h 157 97 143
h 157 117 197
h 157 134 74
h 157 140 136
h 157 141 13
h 157 156 182
h 157 173 179
h 157 175 94
h 157 191 127
h 157 192 42
h 158 28 148
h 158 42 126
h 158 44 32
h 158 49 175
h 158 64 90
h 158 82 165
h 158 95 176
h 158 99 96
h 158 104 144
h 158 121 109
h 158 132 171
h 158 133 194
h 158 146 16
h 158 160 74
h 158 181 120
h 158 188 114
h 158 195 45
h 158 198 50
h 159 1 104
h 159 9 28
h 159 22 131
h 159 27 6
h 159 31 173
h 159 60 68
h 159 81 171
h 159 92 74
h 159 94 133
h 159 138 34
h 159 161 90
h 159 187 180
h 159 190 182
h 160 28 52
h 160 44 94
h 160 49 142
h 160 61 152
h 160 64 66
h 160 82 39
h 160 95 60
h 160 99 189
h 160 104 185
h 160 121 46
h 160 129 17
h 160 133 59
h 160 134 124
h 160 140 28
h 160 146 84
h 160 158 74
h 160 175 128
h 160 181 71
h 160 188 96
h 160 189 176
h 160 195 161
h 160 198 189
h 161 1 128
h 161 16 19
h 161 22 39
h 161 31 89
h 161 60 26
h 161 63 5
h 161 71 176
h 161 81 10
h 161 84 22
h 161 116 76
h 161 122 155
h 161 138 104
h 161 155 135
h 161 159 90
h 161 183 35
h 161 187 99
h 161 190 69
h 162 8 104
h 162 21 121
h 162 46 188
h 162 50 188
h 162 53 86
h 162 68 151
h 162 80 51
h 162 100 176
h 162 101 177
h 162 111 158
h 162 112 50
h 162 118 180
h 162 125 56
h 162 126 164
h 162 130 53
h 162 143 86
h 162 151 22
h 162 164 151
h 162 167 150
h 162 178 169
h 162 194 181
h 162 196 97
h 162 197 34
h 163 6 117
h 163 16 21
h 163 26 177
h 163 34 101
h 163 45 50
h 163 59 102
h 163 65 121
h 163 67 20
h 163 93 95
h 163 98 168
h 163 107 113
h 163 108 7
h 163 109 44
h 163 147 106
h 163 169 85
h 163 193 199
h 163 199 43
h 164 8 187
h 164 21 84
h 164 46 102
h 164 50 95
h 164 68 76
h 164 74 105
h 164 100 194
h 164 101 123
h 164 111 159
h 164 112 143
h 164 118 118
h 164 125 72
h 164 126 122
h 164 142 72
h 164 162 151
h 164 167 190
h 164 178 143
h 164 194 98
h 164 196 144
h 164 197 59
h 165 4 135
h 165 47 75
h 165 48 112
h 165 55 180
h 165 69 189
h 165 90 134
h 165 128 199
h 165 144 133
h 165 166 150
h 165 171 69
h 165 180 182
h 166 47 34
h 166 53 50
h 166 55 97
h 166 69 170
h 166 90 181
h 166 128 149
h 166 130 89
h 166 144 12
h 166 151 97
h 166 165 150
h 166 180 137
h 167 8 190
h 167 21 29
h 167 46 115
h 167 50 104
h 167 68 37
h 167 74 64
h 167 100 181
h 167 101 151
h 167 111 121
h 167 112 89
h 167 118 144
h 167 125 132
h 167 126 156
h 167 142 47
h 167 162 150
h 167 164 190
h 167 178 172
h 167 194 121
h 167 196 180
h 167 197 122
h 168 13 72
h 168 17 137
h 168 18 168
h 168 19 126
h 168 20 152
h 168 52 67
h 168 76 53
h 168 83 19
h 168 88 126
h 168 113 36
h 168 114 78
h 168 148 116
h 168 149 26
h 168 186 79
h 169 25 16
h 169 32 5
h 169 45 179
h 169 57 54
h 169 59 104
h 169 65 75
h 169 73 68
h 169 91 180
h 169 93 138
h 169 98 149
h 169 109 153
h 169 131 159
h 169 141 63
h 169 145 165
h 169 163 85
h 169 193 98
h 170 2 196
h 170 9 63
h 170 13 137
h 170 19 92
h 170 23 191
h 170 40 173
h 170 83 52
h 170 88 107
h 170 106 181
h 170 113 159
h 170 135 190
h 171 4 183
h 171 48 47
h 171 55 88
h 171 123 179
h 171 124 98
h 171 127 48
h 171 128 66
h 171 144 89
h 171 165 69
h 171 180 27
h 171 200 36
h 172 12 89
h 172 14 178
h 172 24 47
h 172 77 52
h 172 78 95
h 172 89 132
h 172 96 26
h 172 103 71
h 172 139 145
h 172 154 140
h 172 177 178
h 173 15 63
h 173 29 37
h 173 32 63
h 173 33 126
h 173 39 197
h 173 57 116
h 173 73 95
h 173 79 155
h 173 97 169
h 173 105 32
h 173 117 167
h 173 140 91
h 173 141 99
h 173 156 133
h 173 157 179
h 173 191 177
h 173 192 7
h 174 12 148
h 174 14 83
h 174 24 171
h 174 36 29
h 174 52 30
h 174 67 25
h 174 70 117
h 174 78 179
h 174 85 7
h 174 89 134
h 174 96 48
h 174 103 144
h 174 119 88
h 174 152 171
h 174 179 89
h 174 199 30
h 175 29 33
h 175 30 51
h 175 33 134
h 175 49 12
h 175 56 92
h 175 61 193
h 175 64 15
h 175 79 25
h 175 99 65
h 175 104 64
h 175 117 95
h 175 134 186
h 175 140 166
h 175 146 97
h 175 156 162
h 175 157 94
h 175 160 128
h 175 185 32
h 175 188 31
h 175 189 183
h 175 195 16
h 175 198 161
h 176 3 57
h 176 5 122
h 176 7 71
h 176 37 83
h 176 43 51
h 176 74 79
h 176 75 85
h 176 86 183
h 176 87 129
h 176 105 84
h 176 112 124
h 176 115 68
h 176 137 194
h 176 192 123
h 177 14 124
h 177 24 29
h 177 51 81
h 177 77 137
h 177 78 30
h 177 89 121
h 177 96 72
h 177 103 71
h 177 120 50
h 177 136 49
h 177 139 192
h 177 154 176
h 177 172 178
h 178 8 130
h 178 46 169
h 178 50 157
h 178 68 44
h 178 100 151
h 178 101 195
h 178 111 82
h 178 118 192
h 178 125 157
h 178 126 198
h 178 162 169
h 178 164 143
h 178 167 172
h 178 194 179
h 178 196 168
h 178 197 145
h 179 6 51
h 179 24 167
h 179 35 105
h 179 67 16
h 179 70 197
h 179 78 64
h 179 89 141
h 179 96 187
h 179 103 177
h 179 108 126
h 179 120 174
h 179 139 14
h 179 150 105
h 179 154 105
h 179 174 89
h 179 199 117
h 180 4 86
h 180 10 13
h 180 47 150
h 180 48 160
h 180 55 192
h 180 69 193
h 180 90 156
h 180 127 33
h 180 128 189
h 180 130 32
h 180 144 165
h 180 165 182
h 180 166 137
h 180 171 27
h 181 42 123
h 181 49 169
h 181 63 38
h 181 64 197
h 181 82 182
h 181 95 21
h 181 99 34
h 181 104 113
h 181 121 198
h 181 132 113
h 181 133 150
h 181 146 167
h 181 153 147
h 181 158 120
h 181 160 71
h 181 183 32
h 181 185 103
h 181 188 198
h 181 189 77
h 181 198 105
h 182 5 120
h 182 7 181
h 182 30 56
h 182 37 187
h 182 43 97
h 182 56 40
h 182 75 77
h 182 86 95
h 182 87 142
h 182 115 189
h 182 137 51
h 182 192 24
h 183 1 161
h 183 29 151
h 183 31 69
h 183 33 30
h 183 60 157
h 183 63 188
h 183 64 68
h 183 79 30
h 183 94 63
h 183 121 46
h 183 138 188
h 183 140 16
h 183 146 98
h 183 153 159
h 183 161 35
h 183 181 32
h 183 185 174
h 183 188 33
h 184 3 25
h 184 10 199
h 184 21 74
h 184 25 148
h 184 47 130
h 184 53 125
h 184 68 111
h 184 80 95
h 184 90 42
h 184 130 109
h 184 143 175
h 184 145 88
h 185 1 73
h 185 29 174
h 185 33 112
h 185 60 78
h 185 63 146
h 185 64 132
h 185 79 74
h 185 82 8
h 185 121 107
h 185 138 132
h 185 140 115
h 185 146 169
h 185 153 165
h 185 156 10
h 185 175 32
h 185 181 103
h 185 183 174
h 185 188 112
h 185 189 46
h 185 198 37
h 186 17 140
h 186 18 113
h 186 36 179
h 186 52 196
h 186 76 68
h 186 114 123
h 186 119 132
h 186 148 37
h 186 149 58
h 186 152 125
h 186 168 79
h 187 1 39
h 187 9 36
h 187 22 183
h 187 31 115
h 187 71 46
h 187 81 104
h 187 84 103
h 187 92 135
h 187 94 41
h 187 102 8
h 187 159 180
h 187 161 99
h 187 190 197
h 188 29 7
h 188 42 99
h 188 49 172
h 188 61 17
h 188 63 30
h 188 64 197
h 188 82 173
h 188 95 19
h 188 99 57
h 188 104 127
h 188 121 194
h 188 132 93
h 188 133 142
h 188 140 20
h 188 146 178
h 188 153 141
h 188 158 114
h 188 160 96
h 188 175 31
h 188 181 198
h 188 183 33
h 188 185 112
h 188 189 105
h 188 198 129
h 189 29 6
h 189 30 5
h 189 33 85
h 189 49 106
h 189 56 8
h 189 61 185
h 189 64 87
h 189 82 9
h 189 99 133
h 189 104 141
h 189 121 55
h 189 134 163
h 189 140 131
h 189 146 135
h 189 156 99
h 189 160 176
h 189 175 183
h 189 181 77
h 189 185 46
h 189 188 105
h 189 195 85
h 189 198 195
h 190 1 22
h 190 9 71
h 190 22 182
h 190 27 20
h 190 31 113
h 190 71 6
h 190 81 113
h 190 84 85
h 190 92 147
h 190 94 47
h 190 102 10
h 190 159 182
h 190 161 69
h 190 187 197
h 191 15 81
h 191 32 100
h 191 33 24
h 191 39 189
h 191 45 49
h 191 57 179
h 191 73 153
h 191 79 90
h 191 91 47
h 191 97 188
h 191 105 103
h 191 109 78
h 191 117 116
h 191 131 96
h 191 141 171
h 191 156 41
h 191 157 127
h 191 173 177
h 191 192 29
h 192 5 13
h 192 7 29
h 192 37 76
h 192 39 9
h 192 43 173
h 192 56 82
h 192 75 189
h 192 86 135
h 192 87 51
h 192 97 105
h 192 105 149
h 192 115 49
h 192 117 70
h 192 137 118
h 192 157 42
h 192 173 7
h 192 176 123
h 192 182 24
h 192 191 29
h 193 6 104
h 193 16 35
h 193 26 169
h 193 34 92
h 193 45 68
h 193 59 101
h 193 65 132
h 193 91 22
h 193 93 98
h 193 98 176
h 193 107 119
h 193 109 63
h 193 147 93
h 193 163 199
h 193 169 98
h 193 199 24
h 194 8 55
h 194 21 38
h 194 46 197
h 194 50 192
h 194 53 101
h 194 68 97
h 194 100 127
h 194 101 193
h 194 111 85
h 194 118 196
h 194 125 91
h 194 126 184
h 194 130 81
h 194 143 34
h 194 151 96
h 194 162 181
h 194 164 98
h 194 167 121
h 194 178 179
h 194 196 96
h 194 197 70
h 195 28 109
h 195 44 180
h 195 49 77
h 195 61 71
h 195 95 90
h 195 99 188
h 195 104 152
h 195 129 82
h 195 134 48
h 195 158 45
h 195 160 161
h 195 175 16
h 195 189 85
h 195 198 110
h 196 8 169
h 196 46 76
h 196 50 55
h 196 100 125
h 196 101 140
h 196 111 24
h 196 118 128
h 196 125 182
h 196 126 157
h 196 142 12
h 196 162 97
h 196 164 144
h 196 167 180
h 196 178 168
h 196 194 96
h 196 197 178
h 197 8 97
h 197 46 38
h 197 50 10
h 197 100 39
h 197 101 118
h 197 118 105
h 197 125 199
h 197 126 144
h 197 162 34
h 197 164 59
h 197 167 122
h 197 178 145
h 197 194 70
h 197 196 178
h 198 33 45
h 198 44 16
h 198 49 141
h 198 61 168
h 198 64 109
h 198 82 54
h 198 95 5
h 198 99 157
h 198 104 169
h 198 121 84
h 198 133 49
h 198 134 139
h 198 140 99
h 198 146 138
h 198 156 53
h 198 158 50
h 198 160 189
h 198 175 161
h 198 181 105
h 198 185 37
h 198 188 129
h 198 189 195
h 198 195 110
h 199 6 144
h 199 24 69
h 199 26 123
h 199 34 28
h 199 35 10
h 199 67 169
h 199 70 120
h 199 85 122
h 199 96 41
h 199 103 50
h 199 108 131
h 199 120 23
h 199 147 170
h 199 150 106
h 199 163 43
h 199 174 30
h 199 179 117
h 199 193 24
h 200 38 180
h 200 41 20
h 200 62 120
h 200 72 158
h 200 110 170
h 200 123 46
h 200 124 121
h 200 136 33
h 200 171 36
