h 200 50 128.717
r 1 119.982029
r 2 119.096107
r 3 127.750718
r 4 123.129765
r 5 122.187814
r 6 124.367002
r 7 122.729070
r 8 121.542141
r 9 121.392490
r 10 119.584048
r 11 123.498367
r 12 128.716632
r 13 122.319844
r 14 120.875921
r 15 120.068205
r 16 121.295540
r 17 121.627863
r 18 122.952491
r 19 118.698511
r 20 124.955527
r 21 118.482722
r 22 118.328454
r 23 123.903028
r 24 121.447701
r 25 119.831079
r 26 125.951685
r 27 123.543608
r 28 122.140591
r 29 128.665829
r 30 123.892520
r 31 127.625029
r 32 123.609356
r 33 119.519255
r 34 118.928048
r 35 120.659134
r 36 126.958796
r 37 124.660227
r 38 126.469437
r 39 120.135793
r 40 121.514636
r 41 126.384686
r 42 119.581008
r 43 123.729938
r 44 118.741398
r 45 124.387884
r 46 122.268326
r 47 126.487515
r 48 126.116134
r 49 118.989050
r 50 118.482655
t 1 31.373535
t 2 32.739418
t 3 19.791510
t 4 31.760052
t 5 13.580763
t 6 31.827843
t 7 15.269224
t 8 18.809307
t 9 34.586021
t 10 31.992215
t 11 10.155856
t 12 36.036189
t 13 46.007827
t 14 6.423896
t 15 21.875103
t 16 38.421483
t 17 43.539809
t 18 14.038332
t 19 46.798343
t 20 11.659330
t 21 26.213762
t 22 33.624453
t 23 5.323285
t 24 40.721677
t 25 49.285845
t 26 24.151325
t 27 32.943160
t 28 7.724203
t 29 42.847894
t 30 16.451889
t 31 45.733584
t 32 38.103053
t 33 22.268655
t 34 15.395578
t 35 7.119919
t 36 46.520569
t 37 14.797666
t 38 7.786003
t 39 42.741588
t 40 21.346252
t 41 34.055476
t 42 24.085390
t 43 42.294542
t 44 9.217395
t 45 37.554984
t 46 19.751635
t 47 49.644155
t 48 45.002675
t 49 6.094340
t 50 46.125029
t 51 30.677315
t 52 34.326376
t 53 39.795673
t 54 16.379359
t 55 10.805385
t 56 29.285308
t 57 37.211713
t 58 7.831617
t 59 48.334459
t 60 39.999145
t 61 42.748713
t 62 35.180572
t 63 18.970964
t 64 26.354767
t 65 20.776514
t 66 26.067945
t 67 9.225367
t 68 49.284621
t 69 22.291009
t 70 27.670643
t 71 6.311357
t 72 33.573653
t 73 26.344244
t 74 36.577960
t 75 49.946261
t 76 32.183509
t 77 10.103571
t 78 44.052109
t 79 11.575445
t 80 36.760620
t 81 37.571624
t 82 8.577351
t 83 18.611966
t 84 24.482452
t 85 5.287579
t 86 40.288223
t 87 41.548784
t 88 9.255825
t 89 27.328547
t 90 32.136709
t 91 9.589821
t 92 17.996697
t 93 38.137602
t 94 9.924790
t 95 33.374706
t 96 16.344067
t 97 45.874018
t 98 35.448728
t 99 7.490482
t 100 28.519632
t 101 41.584120
t 102 27.043144
t 103 30.875308
t 104 10.224969
t 105 45.844820
t 106 19.937799
t 107 37.690321
t 108 26.687821
t 109 41.530829
t 110 20.306763
t 111 44.846538
t 112 36.698413
t 113 22.879463
t 114 17.248624
t 115 42.316638
t 116 22.502546
t 117 23.075323
t 118 24.952235
t 119 35.273012
t 120 47.799846
t 121 11.464023
t 122 24.268982
t 123 27.682687
t 124 42.325273
t 125 47.344852
t 126 35.402922
t 127 10.708348
t 128 18.691155
t 129 40.176211
t 130 6.226591
t 131 29.445860
t 132 39.866356
t 133 8.862773
t 134 24.822429
t 135 35.729148
t 136 19.248936
t 137 18.210419
t 138 38.350449
t 139 47.768609
t 140 7.345033
t 141 32.325233
t 142 32.733853
t 143 12.549058
t 144 47.039312
t 145 39.966557
t 146 29.938173
t 147 18.094931
t 148 35.694157
t 149 13.984882
t 150 45.998836
t 151 34.341946
t 152 39.087783
t 153 6.283946
t 154 17.366850
t 155 36.192443
t 156 34.771617
t 157 15.493301
t 158 30.991624
t 159 43.161068
t 160 17.484207
t 161 9.148997
t 162 10.215640
t 163 7.544761
t 164 8.969109
t 165 44.082128
t 166 17.881289
t 167 15.886221
t 168 49.807067
t 169 49.702294
t 170 23.273796
t 171 17.429493
t 172 48.306387
t 173 47.538919
t 174 31.638227
t 175 43.848869
t 176 5.838376
t 177 15.214407
t 178 41.264138
t 179 7.110299
t 180 39.617478
t 181 13.716509
t 182 49.401413
t 183 25.872481
t 184 46.769228
t 185 10.298363
t 186 24.109498
t 187 40.178966
t 188 40.367962
t 189 30.907293
t 190 33.640051
t 191 30.197948
t 192 24.666130
t 193 22.786045
t 194 27.585315
t 195 48.514515
t 196 41.823347
t 197 15.583574
t 198 32.641092
t 199 34.202541
t 200 20.768986
h 1 18 187
h 1 25 175
h 1 34 157
h 1 40 126
h 1 48 172
h 1 65 122
h 1 69 16
h 1 86 96
h 1 92 94
h 1 100 171
h 1 103 18
h 1 138 177
h 1 140 59
h 1 153 66
h 1 155 148
h 1 158 66
h 1 170 66
h 1 171 191
h 1 179 46
h 1 193 25
h 2 24 44
h 2 25 78
h 2 39 34
h 2 40 139
h 2 47 119
h 2 69 194
h 2 77 31
h 2 86 125
h 2 91 77
h 2 100 27
h 2 103 190
h 2 105 84
h 2 118 199
h 2 121 134
h 2 171 30
h 2 174 147
h 2 179 165
h 2 190 35
h 2 193 65
h 2 194 64
h 3 4 135
h 3 8 107
h 3 19 135
h 3 27 81
h 3 35 156
h 3 53 159
h 3 78 177
h 3 79 92
h 3 84 84
h 3 88 28
h 3 101 198
h 3 123 66
h 3 131 120
h 3 153 28
h 3 170 96
h 4 3 135
h 4 8 68
h 4 19 197
h 4 35 8
h 4 50 80
h 4 53 98
h 4 62 24
h 4 78 158
h 4 96 106
h 4 101 146
h 4 130 152
h 4 131 145
h 4 153 103
h 4 158 71
h 4 170 77
h 5 26 198
h 5 43 87
h 5 65 42
h 5 71 105
h 5 92 89
h 5 93 84
h 5 99 185
h 5 111 169
h 5 152 197
h 5 176 120
h 6 9 68
h 6 11 146
h 6 16 125
h 6 32 17
h 6 63 35
h 6 66 193
h 6 74 9
h 6 75 177
h 6 80 191
h 6 94 69
h 6 102 199
h 6 109 98
h 6 116 198
h 6 120 6
h 6 141 78
h 6 146 16
h 6 147 27
h 6 180 52
h 6 182 95
h 7 10 37
h 7 21 132
h 7 29 101
h 7 32 54
h 7 36 140
h 7 37 103
h 7 41 112
h 7 70 42
h 7 76 97
h 7 83 186
h 7 89 89
h 7 109 29
h 7 122 108
h 7 128 197
h 7 141 40
h 7 146 8
h 7 148 61
h 7 166 131
h 7 177 187
h 7 178 189
h 7 186 192
h 8 3 107
h 8 4 68
h 8 19 40
h 8 35 124
h 8 50 132
h 8 53 188
h 8 62 163
h 8 78 21
h 8 101 94
h 9 6 68
h 9 11 98
h 9 63 133
h 9 66 35
h 9 74 37
h 9 75 134
h 9 80 82
h 9 102 55
h 9 116 70
h 9 182 47
h 10 7 37
h 10 12 45
h 10 29 63
h 10 36 59
h 10 37 179
h 10 41 137
h 10 51 33
h 10 56 47
h 10 70 118
h 10 76 178
h 10 87 142
h 10 89 97
h 10 128 59
h 10 129 75
h 10 136 26
h 10 166 142
h 10 172 62
h 10 177 79
h 10 178 60
h 10 186 100
h 11 6 146
h 11 9 98
h 11 13 25
h 11 16 80
h 11 63 156
h 11 66 102
h 11 74 158
h 11 75 116
h 11 80 111
h 11 102 134
h 11 116 129
h 11 120 34
h 11 180 157
h 11 182 189
h 12 10 45
h 12 38 141
h 12 51 177
h 12 82 116
h 12 87 151
h 12 90 141
h 12 96 19
h 12 97 19
h 12 106 82
h 12 124 132
h 12 129 190
h 12 133 60
h 12 160 32
h 12 169 143
h 12 172 195
h 12 195 11
h 12 200 8
h 13 11 25
h 13 63 120
h 13 74 153
h 13 180 54
h 13 182 81
h 14 73 26
h 14 77 132
h 14 91 167
h 14 104 27
h 14 112 85
h 14 115 174
h 14 121 76
h 14 143 164
h 14 167 185
h 14 168 185
h 15 16 161
h 15 21 32
h 15 55 135
h 15 59 167
h 15 109 72
h 15 120 163
h 15 132 166
h 15 145 116
h 15 156 18
h 15 181 130
h 16 6 125
h 16 11 80
h 16 15 161
h 16 59 147
h 16 66 114
h 16 75 20
h 16 80 77
h 16 102 127
h 16 109 126
h 16 116 109
h 16 120 158
h 16 132 63
h 16 141 11
h 16 145 81
h 16 180 85
h 16 182 61
h 17 24 108
h 17 29 123
h 17 33 99
h 17 39 131
h 17 47 152
h 17 56 130
h 17 64 154
h 17 70 72
h 17 89 100
h 17 105 108
h 17 108 82
h 17 114 188
h 17 122 129
h 17 144 62
h 17 151 181
h 17 166 27
h 17 174 124
h 17 175 196
h 17 190 119
h 17 194 183
h 18 1 187
h 18 25 131
h 18 34 181
h 18 40 76
h 18 48 185
h 18 65 111
h 18 78 6
h 18 86 11
h 18 92 71
h 18 100 158
h 18 131 90
h 18 138 138
h 18 140 79
h 18 153 133
h 18 155 154
h 18 158 126
h 18 170 133
h 18 171 159
h 19 3 135
h 19 4 197
h 19 8 40
h 19 50 47
h 19 53 79
h 19 78 168
h 19 96 108
h 19 101 147
h 19 130 150
h 19 131 163
h 19 153 129
h 19 158 99
h 19 170 104
h 20 28 150
h 20 33 70
h 20 42 34
h 20 52 82
h 20 54 23
h 20 57 155
h 20 58 177
h 20 60 82
h 20 67 123
h 20 104 61
h 20 108 68
h 20 110 191
h 20 126 181
h 20 127 58
h 20 149 149
h 20 157 49
h 20 184 97
h 20 190 13
h 20 196 45
h 20 199 172
h 21 7 132
h 21 15 32
h 21 32 21
h 21 36 10
h 21 64 5
h 21 83 176
h 21 109 128
h 21 122 81
h 21 128 113
h 21 141 54
h 21 177 89
h 21 178 97
h 21 186 79
h 22 44 187
h 22 72 192
h 22 90 7
h 22 113 62
h 22 150 74
h 22 154 16
h 22 159 162
h 22 161 176
h 22 192 77
h 23 31 150
h 23 46 133
h 23 51 14
h 23 85 63
h 23 97 139
h 23 106 135
h 23 133 147
h 23 135 196
h 23 136 70
h 23 139 34
h 23 142 153
h 23 160 157
h 23 162 104
h 23 163 115
h 23 169 74
h 23 183 182
h 23 187 29
h 23 188 40
h 23 195 177
h 23 198 186
h 23 200 141
h 24 2 44
h 24 17 108
h 24 25 29
h 24 29 28
h 24 34 43
h 24 40 115
h 24 47 120
h 24 56 118
h 24 69 54
h 24 70 56
h 24 89 34
h 24 100 106
h 24 103 103
h 24 105 197
h 24 114 139
h 24 118 34
h 24 140 149
h 24 144 178
h 24 151 17
h 24 171 9
h 24 174 109
h 24 175 91
h 24 194 143
h 25 1 175
h 25 2 78
h 25 18 131
h 25 24 29
h 25 34 106
h 25 40 179
h 25 48 99
h 25 65 56
h 25 69 124
h 25 86 167
h 25 92 36
h 25 100 172
h 25 103 120
h 25 105 51
h 25 118 56
h 25 138 171
h 25 140 42
h 25 155 70
h 25 171 195
h 25 179 143
h 25 193 108
h 26 5 198
h 26 43 57
h 26 65 9
h 26 71 93
h 26 92 62
h 26 93 72
h 26 99 178
h 26 111 160
h 26 152 196
h 26 176 112
h 27 3 81
h 27 35 135
h 27 53 14
h 27 78 12
h 27 79 175
h 27 84 134
h 27 88 194
h 27 101 67
h 27 123 199
h 27 185 63
h 28 20 150
h 28 42 99
h 28 54 160
h 28 57 189
h 28 58 88
h 28 60 99
h 28 73 12
h 28 104 172
h 28 110 145
h 28 126 154
h 28 137 102
h 28 143 47
h 28 149 135
h 28 164 122
h 28 199 193
h 29 7 101
h 29 10 63
h 29 17 123
h 29 24 28
h 29 37 44
h 29 56 178
h 29 64 90
h 29 70 179
h 29 76 149
h 29 83 77
h 29 89 196
h 29 114 156
h 29 122 155
h 29 128 88
h 29 144 61
h 29 151 70
h 29 166 180
h 29 175 91
h 29 177 158
h 29 178 54
h 29 186 118
h 29 194 53
h 30 32 185
h 30 36 116
h 30 41 41
h 30 66 52
h 30 75 15
h 30 80 47
h 30 85 127
h 30 94 189
h 30 102 5
h 30 109 49
h 30 116 20
h 30 136 109
h 30 141 162
h 30 142 81
h 30 146 196
h 30 147 185
h 30 148 174
h 30 162 132
h 30 178 46
h 30 188 163
h 30 189 164
h 31 23 150
h 31 46 142
h 31 51 44
h 31 82 96
h 31 97 188
h 31 106 157
h 31 117 31
h 31 124 98
h 31 133 104
h 31 135 125
h 31 142 8
h 31 154 81
h 31 160 179
h 31 163 13
h 31 169 111
h 31 173 35
h 31 183 181
h 31 191 5
h 31 192 21
h 31 195 143
h 31 197 143
h 31 198 138
h 31 200 191
h 32 6 17
h 32 7 54
h 32 21 21
h 32 30 185
h 32 36 140
h 32 41 57
h 32 66 79
h 32 75 10
h 32 80 60
h 32 83 30
h 32 85 47
h 32 94 183
h 32 102 37
h 32 109 121
h 32 116 44
h 32 128 74
h 32 136 79
h 32 141 191
h 32 146 195
h 32 147 153
h 32 148 170
h 32 162 62
h 32 178 104
h 32 186 33
h 32 188 103
h 32 189 106
h 33 17 99
h 33 20 70
h 33 39 151
h 33 47 56
h 33 52 171
h 33 58 39
h 33 64 166
h 33 67 162
h 33 108 156
h 33 110 15
h 33 114 23
h 33 122 81
h 33 126 83
h 33 127 100
h 33 151 167
h 33 174 27
h 33 175 124
h 33 190 149
h 33 194 65
h 34 1 157
h 34 18 181
h 34 24 43
h 34 25 106
h 34 40 85
h 34 48 136
h 34 65 11
h 34 100 171
h 34 105 33
h 34 131 100
h 34 138 73
h 34 140 153
h 34 144 62
h 34 153 160
h 34 155 79
h 34 158 171
h 34 170 111
h 34 171 131
h 35 3 156
h 35 4 8
h 35 8 124
h 35 27 135
h 35 53 165
h 35 78 73
h 35 79 87
h 35 84 38
h 35 88 111
h 35 101 141
h 35 123 132
h 36 7 140
h 36 10 59
h 36 21 10
h 36 30 116
h 36 32 140
h 36 37 146
h 36 41 181
h 36 76 52
h 36 83 86
h 36 94 71
h 36 109 5
h 36 128 160
h 36 136 149
h 36 141 100
h 36 142 18
h 36 146 125
h 36 147 33
h 36 148 179
h 36 162 44
h 36 166 49
h 36 177 102
h 36 178 179
h 36 186 152
h 36 188 47
h 37 7 103
h 37 10 179
h 37 29 44
h 37 36 146
h 37 41 188
h 37 70 70
h 37 76 159
h 37 83 18
h 37 87 63
h 37 89 69
h 37 128 126
h 37 133 36
h 37 136 112
h 37 148 80
h 37 166 134
h 37 172 10
h 37 177 113
h 37 178 135
h 37 186 148
h 38 12 141
h 38 44 77
h 38 50 21
h 38 51 66
h 38 82 73
h 38 87 62
h 38 90 143
h 38 96 78
h 38 124 76
h 38 129 139
h 38 130 77
h 38 159 11
h 38 161 10
h 38 169 21
h 38 172 106
h 38 192 7
h 39 2 34
h 39 17 131
h 39 33 151
h 39 47 165
h 39 52 48
h 39 64 110
h 39 67 41
h 39 103 16
h 39 105 19
h 39 108 192
h 39 114 67
h 39 118 50
h 39 121 138
h 39 126 72
h 39 151 164
h 39 174 157
h 39 175 158
h 39 190 199
h 39 194 149
h 40 1 126
h 40 2 139
h 40 18 76
h 40 24 115
h 40 25 179
h 40 34 85
h 40 47 50
h 40 48 10
h 40 69 166
h 40 86 149
h 40 100 171
h 40 103 174
h 40 105 135
h 40 118 124
h 40 138 102
h 40 140 82
h 40 144 42
h 40 171 162
h 40 174 73
h 40 179 150
h 40 193 66
h 40 194 24
h 41 7 112
h 41 10 137
h 41 30 41
h 41 32 57
h 41 36 181
h 41 37 188
h 41 76 112
h 41 83 33
h 41 89 7
h 41 128 137
h 41 133 53
h 41 136 157
h 41 142 16
h 41 146 42
h 41 148 142
h 41 162 17
h 41 166 90
h 41 177 99
h 41 178 155
h 41 186 147
h 42 20 34
h 42 28 99
h 42 49 82
h 42 54 100
h 42 57 26
h 42 58 44
h 42 60 188
h 42 68 11
h 42 104 25
h 42 110 88
h 42 137 92
h 42 149 157
h 42 164 147
h 42 196 127
h 42 199 118
h 43 5 87
h 43 26 57
h 43 48 93
h 43 65 167
h 43 71 91
h 43 79 57
h 43 84 107
h 43 92 169
h 43 93 68
h 43 99 122
h 43 111 103
h 43 138 39
h 43 152 80
h 43 155 145
h 43 170 7
h 43 176 48
h 43 185 12
h 44 22 187
h 44 38 77
h 44 50 32
h 44 72 178
h 44 82 7
h 44 90 76
h 44 113 38
h 44 150 66
h 44 154 44
h 44 159 162
h 44 161 177
h 44 192 95
h 45 55 105
h 45 58 91
h 45 60 19
h 45 67 7
h 45 68 163
h 45 107 185
h 45 110 31
h 45 119 163
h 45 127 77
h 45 132 52
h 45 149 46
h 45 156 111
h 45 157 190
h 45 165 189
h 45 181 93
h 45 184 169
h 45 196 130
h 46 23 133
h 46 31 142
h 46 97 83
h 46 106 23
h 46 135 127
h 46 139 17
h 46 142 16
h 46 160 76
h 46 163 135
h 46 173 33
h 46 183 110
h 46 187 37
h 46 195 56
h 46 197 64
h 46 198 68
h 46 200 91
h 47 2 119
h 47 17 152
h 47 24 120
h 47 33 56
h 47 39 165
h 47 40 50
h 47 56 20
h 47 64 57
h 47 69 92
h 47 103 126
h 47 105 140
h 47 108 127
h 47 114 122
h 47 118 124
h 47 121 128
h 47 144 26
h 47 151 136
h 47 174 196
h 47 175 165
h 47 190 160
h 47 194 190
h 48 1 172
h 48 18 185
h 48 25 99
h 48 34 136
h 48 40 10
h 48 43 93
h 48 65 163
h 48 78 18
h 48 84 56
h 48 92 133
h 48 100 103
h 48 131 80
h 48 138 146
h 48 153 99
h 48 155 190
h 48 158 73
h 48 170 143
h 48 171 135
h 49 42 82
h 49 54 126
h 49 73 44
h 49 81 93
h 49 95 75
h 49 104 30
h 49 137 174
h 49 164 170
h 50 4 80
h 50 8 132
h 50 19 47
h 50 38 21
h 50 44 32
h 50 53 91
h 50 62 183
h 50 130 51
h 50 161 92
h 51 10 33
h 51 12 177
h 51 23 14
h 51 31 44
h 51 38 66
h 51 82 147
h 51 87 97
h 51 90 135
h 51 97 117
h 51 106 161
h 51 124 163
h 51 129 144
h 51 133 146
h 51 154 38
h 51 160 130
h 51 169 190
h 51 172 192
h 51 183 95
h 51 195 118
h 51 198 94
h 51 200 109
h 52 20 82
h 52 33 171
h 52 39 48
h 52 58 100
h 52 64 130
h 52 67 195
h 52 108 70
h 52 110 55
h 52 122 53
h 52 126 49
h 52 127 178
h 52 151 93
h 52 175 19
h 52 184 93
h 52 190 47
h 53 3 159
h 53 4 98
h 53 8 188
h 53 19 79
h 53 27 14
h 53 35 165
h 53 50 91
h 53 62 116
h 53 78 89
h 53 101 148
h 54 20 23
h 54 28 160
h 54 42 100
h 54 49 126
h 54 57 127
h 54 60 59
h 54 73 119
h 54 104 178
h 54 110 29
h 54 125 5
h 54 126 36
h 54 137 185
h 54 143 69
h 54 149 58
h 54 164 182
h 54 199 134
h 55 15 135
h 55 45 105
h 55 59 107
h 55 107 154
h 55 120 85
h 55 127 48
h 55 132 193
h 55 145 94
h 55 156 155
h 55 157 47
h 55 165 154
h 55 181 196
h 55 184 49
h 56 10 47
h 56 17 130
h 56 24 118
h 56 29 178
h 56 47 20
h 56 64 37
h 56 70 188
h 56 76 130
h 56 89 184
h 56 105 92
h 56 114 175
h 56 122 92
h 56 140 54
h 56 144 148
h 56 151 51
h 56 166 149
h 56 175 97
h 56 177 83
h 56 186 31
h 56 194 93
h 57 20 155
h 57 28 189
h 57 42 26
h 57 54 127
h 57 58 76
h 57 60 35
h 57 104 169
h 57 108 53
h 57 110 132
h 57 126 180
h 57 137 49
h 57 143 81
h 57 149 94
h 57 164 62
h 57 199 178
h 58 20 177
h 58 28 88
h 58 33 39
h 58 42 44
h 58 45 91
h 58 52 100
h 58 57 76
h 58 60 108
h 58 67 139
h 58 68 33
h 58 107 6
h 58 110 190
h 58 119 19
h 58 126 119
h 58 127 116
h 58 149 164
h 58 157 142
h 58 165 25
h 58 184 169
h 58 196 118
h 58 199 132
h 59 15 167
h 59 16 147
h 59 55 107
h 59 120 198
h 59 132 145
h 59 145 185
h 59 156 49
h 59 180 102
h 59 181 122
h 59 182 29
h 60 20 82
h 60 28 99
h 60 42 188
h 60 45 19
h 60 54 59
h 60 57 35
h 60 58 108
h 60 68 76
h 60 110 132
h 60 119 61
h 60 137 29
h 60 149 185
h 60 157 86
h 60 164 99
h 60 184 54
h 60 196 169
h 60 199 131
h 61 77 124
h 61 86 64
h 61 91 58
h 61 112 82
h 61 176 41
h 61 179 59
h 61 193 143
h 62 4 24
h 62 8 163
h 62 50 183
h 62 53 116
h 62 161 78
h 63 6 35
h 63 9 133
h 63 11 156
h 63 13 120
h 63 74 175
h 63 75 45
h 63 102 15
h 63 116 16
h 63 180 95
h 63 182 157
h 64 17 154
h 64 21 5
h 64 29 90
h 64 33 166
h 64 39 110
h 64 47 57
h 64 52 130
h 64 56 37
h 64 67 95
h 64 83 39
h 64 89 49
h 64 108 86
h 64 114 116
h 64 122 173
h 64 127 48
h 64 151 184
h 64 174 15
h 64 175 158
h 64 177 36
h 64 190 100
h 64 194 98
h 65 1 122
h 65 5 42
h 65 18 111
h 65 25 56
h 65 26 9
h 65 34 11
h 65 43 167
h 65 48 163
h 65 84 48
h 65 92 195
h 65 99 44
h 65 111 118
h 65 138 151
h 65 152 16
h 65 155 189
h 65 170 49
h 65 171 92
h 65 176 104
h 66 6 193
h 66 9 35
h 66 11 102
h 66 16 114
h 66 30 52
h 66 32 79
h 66 75 174
h 66 80 195
h 66 94 118
h 66 102 196
h 66 109 129
h 66 116 197
h 66 141 126
h 66 146 78
h 66 147 80
h 66 182 38
h 67 20 123
h 67 33 162
h 67 39 41
h 67 45 7
h 67 52 195
h 67 58 139
h 67 64 95
h 67 108 74
h 67 110 103
h 67 126 87
h 67 127 179
h 67 149 13
h 67 151 64
h 67 157 46
h 67 184 124
h 67 190 42
h 68 42 11
h 68 45 163
h 68 58 33
h 68 60 76
h 68 107 136
h 68 119 199
h 68 149 58
h 68 156 61
h 68 157 161
h 68 165 135
h 68 184 102
h 68 196 167
h 69 1 16
h 69 2 194
h 69 24 54
h 69 25 124
h 69 40 166
h 69 47 92
h 69 77 14
h 69 86 157
h 69 91 49
h 69 100 75
h 69 103 194
h 69 105 91
h 69 118 189
h 69 121 91
h 69 138 26
h 69 171 85
h 69 174 122
h 69 179 183
h 69 193 99
h 69 194 39
h 70 7 42
h 70 10 118
h 70 17 72
h 70 24 56
h 70 29 179
h 70 37 70
h 70 56 188
h 70 76 174
h 70 87 29
h 70 89 192
h 70 105 19
h 70 114 133
h 70 122 75
h 70 128 37
h 70 140 14
h 70 144 116
h 70 166 179
h 70 175 28
h 70 177 116
h 70 178 8
h 70 186 84
h 70 194 14
h 71 5 105
h 71 26 93
h 71 43 91
h 71 93 198
h 71 99 164
h 71 111 8
h 71 152 127
h 71 185 120
h 72 22 192
h 72 44 178
h 72 90 34
h 72 113 118
h 72 150 126
h 72 154 71
h 72 159 185
h 72 161 144
h 72 192 122
h 73 14 26
h 73 28 12
h 73 49 44
h 73 54 119
h 73 81 64
h 73 95 85
h 73 104 124
h 73 115 128
h 73 125 171
h 73 137 121
h 73 143 137
h 73 164 61
h 73 167 77
h 73 168 105
h 74 6 9
h 74 9 37
h 74 11 158
h 74 13 153
h 74 63 175
h 74 180 160
h 74 182 183
h 75 6 177
h 75 9 134
h 75 11 116
h 75 16 20
h 75 30 15
h 75 32 10
h 75 63 45
h 75 66 174
h 75 80 191
h 75 94 89
h 75 102 175
h 75 109 21
h 75 116 183
h 75 141 54
h 75 146 28
h 75 147 79
h 75 182 47
h 75 189 14
h 76 7 97
h 76 10 178
h 76 29 149
h 76 36 52
h 76 37 159
h 76 41 112
h 76 56 130
h 76 70 174
h 76 83 28
h 76 87 80
h 76 89 168
h 76 114 37
h 76 122 35
h 76 128 105
h 76 144 11
h 76 166 190
h 76 177 144
h 76 178 93
h 76 186 142
h 77 2 31
h 77 14 132
h 77 61 124
h 77 69 14
h 77 86 5
h 77 91 186
h 77 112 154
h 77 115 55
h 77 118 38
h 77 121 5
h 77 167 112
h 77 168 83
h 77 179 53
h 77 193 54
h 78 3 177
h 78 4 158
h 78 8 21
h 78 18 6
h 78 19 168
h 78 27 12
h 78 35 73
h 78 48 18
h 78 53 89
h 78 79 69
h 78 84 92
h 78 101 186
h 78 130 41
h 78 131 182
h 78 153 129
h 78 158 79
h 78 170 164
h 79 3 92
h 79 27 175
h 79 35 87
h 79 43 57
h 79 78 69
h 79 84 189
h 79 88 153
h 79 101 88
h 79 123 167
h 79 170 61
h 79 185 68
h 80 6 191
h 80 9 82
h 80 11 111
h 80 16 77
h 80 30 47
h 80 32 60
h 80 66 195
h 80 75 191
h 80 94 116
h 80 102 193
h 80 109 89
h 80 116 197
h 80 141 104
h 80 146 67
h 80 147 90
h 80 182 43
h 80 189 13
h 81 49 93
h 81 73 64
h 81 95 197
h 81 125 100
h 81 137 57
h 82 12 116
h 82 31 96
h 82 38 73
h 82 44 7
h 82 51 147
h 82 90 185
h 82 97 144
h 82 106 145
h 82 113 34
h 82 117 27
h 82 124 198
h 82 129 53
h 82 133 64
h 82 150 88
h 82 154 169
h 82 159 79
h 82 160 129
h 82 169 165
h 82 172 124
h 82 183 85
h 82 192 150
h 82 195 63
h 82 197 88
h 82 198 33
h 82 200 141
h 83 7 186
h 83 21 176
h 83 29 77
h 83 32 30
h 83 36 86
h 83 37 18
h 83 41 33
h 83 64 39
h 83 76 28
h 83 89 52
h 83 109 69
h 83 122 132
h 83 128 174
h 83 141 36
h 83 166 84
h 83 177 167
h 83 178 159
h 83 186 159
h 84 3 84
h 84 27 134
h 84 35 38
h 84 43 107
h 84 48 56
h 84 65 48
h 84 78 92
h 84 79 189
h 84 88 99
h 84 92 16
h 84 101 87
h 84 123 119
h 84 131 54
h 84 155 80
h 84 170 114
h 84 185 32
h 85 23 63
h 85 30 127
h 85 32 47
h 85 94 91
h 85 98 121
h 85 135 100
h 85 136 91
h 85 139 146
h 85 142 168
h 85 146 90
h 85 147 142
h 85 148 89
h 85 162 188
h 85 163 98
h 85 187 123
h 85 188 193
h 85 189 183
h 85 198 31
h 86 1 96
h 86 2 125
h 86 18 11
h 86 25 167
h 86 40 149
h 86 61 64
h 86 69 157
h 86 77 5
h 86 100 86
h 86 103 132
h 86 118 110
h 86 138 139
h 86 171 144
h 86 176 48
h 86 179 190
h 86 193 180
h 87 10 142
h 87 12 151
h 87 37 63
h 87 38 62
h 87 51 97
h 87 70 29
h 87 76 80
h 87 96 87
h 87 129 180
h 87 130 19
h 87 166 6
h 87 169 26
h 87 172 142
h 88 3 28
h 88 27 194
h 88 35 111
h 88 79 153
h 88 84 99
h 88 101 9
h 88 123 197
h 88 185 88
h 89 7 89
h 89 10 97
h 89 17 100
h 89 24 34
h 89 29 196
h 89 37 69
h 89 41 7
h 89 56 184
h 89 64 49
h 89 70 192
h 89 76 168
h 89 83 52
h 89 114 146
h 89 122 127
h 89 128 80
h 89 144 81
h 89 151 31
h 89 166 188
h 89 175 62
h 89 177 150
h 89 178 50
h 89 186 116
h 89 194 32
h 90 12 141
h 90 22 7
h 90 38 143
h 90 44 76
h 90 51 135
h 90 72 34
h 90 82 185
h 90 97 75
h 90 106 89
h 90 113 11
h 90 124 182
h 90 129 96
h 90 150 70
h 90 154 146
h 90 159 102
h 90 160 58
h 90 169 135
h 90 172 133
h 90 192 142
h 90 197 10
h 90 200 68
h 91 2 77
h 91 14 167
h 91 61 58
h 91 69 49
h 91 77 186
h 91 112 111
h 91 115 92
h 91 118 88
h 91 121 89
h 91 143 64
h 91 167 132
h 91 168 117
h 91 179 58
h 91 193 15
h 92 1 94
h 92 5 89
h 92 18 71
h 92 25 36
h 92 26 62
h 92 43 169
h 92 48 133
h 92 65 195
h 92 84 16
h 92 99 84
h 92 111 152
h 92 138 143
h 92 152 66
h 92 155 171
h 92 171 68
h 92 176 136
h 93 5 84
h 93 26 72
h 93 43 68
h 93 71 198
h 93 99 149
h 93 152 109
h 93 185 130
h 94 6 69
h 94 30 189
h 94 32 183
h 94 36 71
h 94 66 118
h 94 75 89
h 94 80 116
h 94 85 91
h 94 102 83
h 94 109 92
h 94 116 95
h 94 136 39
h 94 141 178
h 94 142 11
h 94 146 192
h 94 147 189
h 94 148 138
h 94 162 81
h 94 178 8
h 94 188 131
h 94 189 152
h 95 49 75
h 95 73 85
h 95 81 197
h 95 125 126
h 95 137 52
h 96 4 106
h 96 12 19
h 96 19 108
h 96 38 78
h 96 87 87
h 96 129 83
h 96 130 189
h 96 131 34
h 96 153 62
h 96 158 83
h 97 12 19
h 97 23 139
h 97 31 188
h 97 46 83
h 97 51 117
h 97 82 144
h 97 90 75
h 97 106 188
h 97 117 8
h 97 124 149
h 97 133 142
h 97 135 109
h 97 142 5
h 97 154 107
h 97 160 195
h 97 169 163
h 97 172 60
h 97 183 186
h 97 192 53
h 97 195 164
h 97 197 122
h 97 198 153
h 97 200 199
h 98 85 121
h 98 139 176
h 98 142 16
h 98 147 45
h 98 162 53
h 98 163 94
h 98 187 168
h 98 188 77
h 98 189 110
h 99 5 185
h 99 26 178
h 99 43 122
h 99 65 44
h 99 71 164
h 99 92 84
h 99 93 149
h 99 111 133
h 99 152 191
h 99 176 62
h 100 1 171
h 100 2 27
h 100 18 158
h 100 24 106
h 100 25 172
h 100 34 171
h 100 40 171
h 100 48 103
h 100 69 75
h 100 86 86
h 100 103 94
h 100 105 111
h 100 138 118
h 100 140 145
h 100 144 79
h 100 153 64
h 100 155 49
h 100 158 92
h 100 171 176
h 100 179 63
h 101 3 198
h 101 4 146
h 101 8 94
h 101 19 147
h 101 27 67
h 101 35 141
h 101 53 148
h 101 78 186
h 101 79 88
h 101 84 87
h 101 88 9
h 101 123 50
h 101 131 137
h 101 153 55
h 101 170 114
h 102 6 199
h 102 9 55
h 102 11 134
h 102 16 127
h 102 30 5
h 102 32 37
h 102 63 15
h 102 66 196
h 102 75 175
h 102 80 193
h 102 94 83
h 102 109 111
h 102 116 198
h 102 141 94
h 102 146 35
h 102 147 41
h 102 180 37
h 102 182 80
h 103 1 18
h 103 2 190
h 103 24 103
h 103 25 120
h 103 39 16
h 103 40 174
h 103 47 126
h 103 69 194
h 103 86 132
h 103 100 94
h 103 105 133
h 103 118 185
h 103 121 93
h 103 138 7
h 103 171 82
h 103 174 148
h 103 179 162
h 103 190 13
h 103 193 55
h 103 194 87
h 104 14 27
h 104 20 61
h 104 28 172
h 104 42 25
h 104 49 30
h 104 54 178
h 104 57 169
h 104 73 124
h 104 110 41
h 104 115 76
h 104 126 102
h 104 137 135
h 104 143 140
h 104 149 30
h 104 164 122
h 104 167 15
h 104 168 62
h 104 199 141
h 105 2 84
h 105 17 108
h 105 24 197
h 105 25 51
h 105 34 33
h 105 39 19
h 105 40 135
h 105 47 140
h 105 56 92
h 105 69 91
h 105 70 19
h 105 100 111
h 105 103 133
h 105 114 129
h 105 118 75
h 105 140 132
h 105 144 159
h 105 151 26
h 105 171 27
h 105 174 134
h 105 175 97
h 105 179 11
h 105 190 5
h 105 194 152
h 106 12 82
h 106 23 135
h 106 31 157
h 106 46 23
h 106 51 161
h 106 82 145
h 106 90 89
h 106 97 188
h 106 124 157
h 106 129 14
h 106 133 177
h 106 135 106
h 106 136 18
h 106 142 31
h 106 154 72
h 106 160 195
h 106 169 189
h 106 172 119
h 106 183 182
h 106 192 16
h 106 195 181
h 106 197 55
h 106 198 168
h 106 200 185
h 107 45 185
h 107 55 154
h 107 58 6
h 107 68 136
h 107 119 141
h 107 127 43
h 107 132 116
h 107 156 167
h 107 157 152
h 107 165 199
h 107 181 151
h 107 184 126
h 107 196 62
h 108 17 82
h 108 20 68
h 108 33 156
h 108 39 192
h 108 47 127
h 108 52 70
h 108 57 53
h 108 64 86
h 108 67 74
h 108 118 16
h 108 121 139
h 108 126 127
h 108 151 139
h 108 174 121
h 108 175 118
h 108 190 194
h 108 194 101
h 109 6 98
h 109 7 29
h 109 15 72
h 109 16 126
h 109 21 128
h 109 30 49
h 109 32 121
h 109 36 5
h 109 66 129
h 109 75 21
h 109 80 89
h 109 83 69
h 109 94 92
h 109 102 111
h 109 116 102
h 109 128 24
h 109 141 161
h 109 146 92
h 109 147 14
h 109 148 10
h 109 178 34
h 110 20 191
h 110 28 145
h 110 33 15
h 110 42 88
h 110 45 31
h 110 52 55
h 110 54 29
h 110 57 132
h 110 58 190
h 110 60 132
h 110 67 103
h 110 104 41
h 110 126 150
h 110 127 56
h 110 149 180
h 110 157 100
h 110 164 6
h 110 184 127
h 110 196 108
h 110 199 174
h 111 5 169
h 111 26 160
h 111 43 103
h 111 65 118
h 111 71 8
h 111 92 152
h 111 99 133
h 111 138 70
h 111 152 150
h 111 155 50
h 111 176 186
h 111 193 23
h 112 14 85
h 112 61 82
h 112 77 154
h 112 91 111
h 112 115 63
h 112 167 117
h 112 168 80
h 113 22 62
h 113 44 38
h 113 72 118
h 113 82 34
h 113 90 11
h 113 117 173
h 113 134 121
h 113 150 194
h 113 154 144
h 113 159 155
h 113 173 52
h 113 191 120
h 113 192 162
h 113 197 109
h 114 17 188
h 114 24 139
h 114 29 156
h 114 33 23
h 114 39 67
h 114 47 122
h 114 56 175
h 114 64 116
h 114 70 133
h 114 76 37
h 114 89 146
h 114 105 129
h 114 122 120
h 114 140 17
h 114 144 122
h 114 151 142
h 114 166 85
h 114 174 89
h 114 175 173
h 114 177 37
h 114 190 51
h 114 194 168
h 115 14 174
h 115 73 128
h 115 77 55
h 115 91 92
h 115 104 76
h 115 112 63
h 115 125 89
h 115 143 186
h 115 167 192
h 115 168 198
h 116 6 198
h 116 9 70
h 116 11 129
h 116 16 109
h 116 30 20
h 116 32 44
h 116 63 16
h 116 66 197
h 116 75 183
h 116 80 197
h 116 94 95
h 116 102 198
h 116 109 102
h 116 141 97
h 116 146 46
h 116 147 59
h 116 180 19
h 116 182 70
h 117 31 31
h 117 82 27
h 117 97 8
h 117 113 173
h 117 134 113
h 117 150 167
h 117 154 136
h 117 159 75
h 117 173 149
h 117 191 182
h 117 192 130
h 117 197 169
h 117 200 14
h 118 2 199
h 118 24 34
h 118 25 56
h 118 39 50
h 118 40 124
h 118 47 124
h 118 69 189
h 118 77 38
h 118 86 110
h 118 91 88
h 118 103 185
h 118 105 75
h 118 108 16
h 118 121 148
h 118 174 152
h 118 179 156
h 118 190 52
h 118 193 50
h 118 194 68
h 119 45 163
h 119 58 19
h 119 60 61
h 119 68 199
h 119 107 141
h 119 149 41
h 119 156 74
h 119 157 157
h 119 165 139
h 119 184 95
h 119 196 158
h 120 6 6
h 120 11 34
h 120 15 163
h 120 16 158
h 120 55 85
h 120 59 198
h 120 132 130
h 120 145 180
h 120 156 20
h 120 180 119
h 120 181 101
h 120 182 55
h 121 2 134
h 121 14 76
h 121 39 138
h 121 47 128
h 121 69 91
h 121 77 5
h 121 91 89
h 121 103 93
h 121 108 139
h 121 118 148
h 121 126 38
h 121 143 7
h 121 151 16
h 121 174 148
h 121 175 30
h 121 179 21
h 121 190 145
h 121 194 67
h 122 7 108
h 122 17 129
h 122 21 81
h 122 29 155
h 122 33 81
h 122 52 53
h 122 56 92
h 122 64 173
h 122 70 75
h 122 76 35
h 122 83 132
h 122 89 127
h 122 114 120
h 122 128 80
h 122 151 133
h 122 166 104
h 122 175 115
h 122 177 141
h 122 178 39
h 122 186 89
h 122 194 45
h 123 3 66
h 123 27 199
h 123 35 132
h 123 79 167
h 123 84 119
h 123 88 197
h 123 101 50
h 123 185 67
h 124 12 132
h 124 31 98
h 124 38 76
h 124 51 163
h 124 82 198
h 124 90 182
h 124 97 149
h 124 106 157
h 124 129 73
h 124 133 88
h 124 150 60
h 124 154 155
h 124 159 52
h 124 160 139
h 124 169 178
h 124 172 142
h 124 183 97
h 124 192 131
h 124 195 83
h 124 197 72
h 124 198 54
h 124 200 145
h 125 54 5
h 125 73 171
h 125 81 100
h 125 95 126
h 125 115 89
h 125 137 34
h 125 143 64
h 125 167 46
h 125 168 61
h 126 20 181
h 126 28 154
h 126 33 83
h 126 39 72
h 126 52 49
h 126 54 36
h 126 57 180
h 126 58 119
h 126 67 87
h 126 104 102
h 126 108 127
h 126 110 150
h 126 121 38
h 126 149 86
h 126 190 84
h 126 199 158
h 127 20 58
h 127 33 100
h 127 45 77
h 127 52 178
h 127 55 48
h 127 58 116
h 127 64 48
h 127 67 179
h 127 107 43
h 127 110 56
h 127 132 12
h 127 157 89
h 127 165 60
h 127 184 150
h 128 7 197
h 128 10 59
h 128 21 113
h 128 29 88
h 128 32 74
h 128 36 160
h 128 37 126
h 128 41 137
h 128 70 37
h 128 76 105
h 128 83 174
h 128 89 80
h 128 109 24
h 128 122 80
h 128 136 27
h 128 141 53
h 128 146 34
h 128 148 91
h 128 166 131
h 128 177 182
h 128 178 196
h 128 186 195
h 129 10 75
h 129 12 190
h 129 38 139
h 129 51 144
h 129 82 53
h 129 87 180
h 129 90 96
h 129 96 83
h 129 106 14
h 129 124 73
h 129 130 34
h 129 133 5
h 129 169 91
h 129 172 178
h 130 4 152
h 130 19 150
h 130 38 77
h 130 50 51
h 130 78 41
h 130 87 19
h 130 96 189
h 130 129 34
h 130 131 68
h 130 153 69
h 130 158 72
h 131 3 120
h 131 4 145
h 131 18 90
h 131 19 163
h 131 34 100
h 131 48 80
h 131 78 182
h 131 84 54
h 131 96 34
h 131 101 137
h 131 130 68
h 131 153 182
h 131 155 32
h 131 158 153
h 131 170 184
h 132 15 166
h 132 16 63
h 132 45 52
h 132 55 193
h 132 59 145
h 132 107 116
h 132 120 130
h 132 127 12
h 132 145 126
h 132 156 135
h 132 165 115
h 132 181 193
h 133 12 60
h 133 23 147
h 133 31 104
h 133 37 36
h 133 41 53
h 133 51 146
h 133 82 64
h 133 97 142
h 133 106 177
h 133 124 88
h 133 129 5
h 133 135 132
h 133 136 123
h 133 142 108
h 133 160 168
h 133 162 54
h 133 169 163
h 133 172 106
h 133 183 167
h 133 195 192
h 133 198 187
h 133 200 138
h 134 113 121
h 134 117 113
h 134 150 75
h 134 173 48
h 134 191 116
h 135 23 196
h 135 31 125
h 135 46 127
h 135 85 100
h 135 97 109
h 135 106 106
h 135 133 132
h 135 136 82
h 135 139 73
h 135 142 170
h 135 160 132
h 135 162 131
h 135 163 136
h 135 169 38
h 135 183 164
h 135 187 67
h 135 188 77
h 135 189 6
h 135 195 164
h 135 198 177
h 135 200 111
h 136 10 26
h 136 23 70
h 136 30 109
h 136 32 79
h 136 36 149
h 136 37 112
h 136 41 157
h 136 85 91
h 136 94 39
h 136 106 18
h 136 128 27
h 136 133 123
h 136 135 82
h 136 141 7
h 136 142 150
h 136 146 90
h 136 147 46
h 136 148 168
h 136 160 7
h 136 162 148
h 136 178 67
h 136 183 34
h 136 186 24
h 136 188 125
h 136 189 63
h 136 195 101
h 136 198 112
h 137 28 102
h 137 42 92
h 137 49 174
h 137 54 185
h 137 57 49
h 137 60 29
h 137 73 121
h 137 81 57
h 137 95 52
h 137 104 135
h 137 125 34
h 137 143 12
h 137 164 190
h 137 199 70
h 138 1 177
h 138 18 138
h 138 25 171
h 138 34 73
h 138 40 102
h 138 43 39
h 138 48 146
h 138 65 151
h 138 69 26
h 138 86 139
h 138 92 143
h 138 100 118
h 138 103 7
h 138 111 70
h 138 155 146
h 138 171 181
h 138 176 106
h 138 179 86
h 138 193 110
h 139 23 34
h 139 46 17
h 139 85 146
h 139 98 176
h 139 135 73
h 139 142 94
h 139 147 16
h 139 162 103
h 139 163 169
h 139 187 197
h 139 188 100
h 139 189 101
h 140 1 59
h 140 18 79
h 140 24 149
h 140 25 42
h 140 34 153
h 140 40 82
h 140 56 54
h 140 70 14
h 140 100 145
h 140 105 132
h 140 114 17
h 140 144 175
h 140 153 91
h 140 158 138
h 140 171 51
h 141 6 78
h 141 7 40
h 141 16 11
h 141 21 54
h 141 30 162
h 141 32 191
h 141 36 100
h 141 66 126
h 141 75 54
h 141 80 104
h 141 83 36
h 141 94 178
h 141 102 94
h 141 109 161
h 141 116 97
h 141 128 53
h 141 136 7
h 141 146 182
h 141 147 137
h 141 148 131
h 141 178 79
h 141 188 53
h 141 189 71
h 142 23 153
h 142 30 81
h 142 31 8
h 142 36 18
h 142 41 16
h 142 46 16
h 142 85 168
h 142 94 11
h 142 97 5
h 142 98 16
h 142 106 31
h 142 133 108
h 142 135 170
h 142 136 150
h 142 139 94
h 142 146 39
h 142 147 62
h 142 148 97
h 142 160 50
h 142 162 191
h 142 163 102
h 142 183 93
h 142 187 74
h 142 188 165
h 142 189 118
h 142 195 124
h 142 198 144
h 143 14 164
h 143 28 47
h 143 54 69
h 143 57 81
h 143 73 137
h 143 91 64
h 143 104 140
h 143 115 186
h 143 121 7
h 143 125 64
h 143 137 12
h 143 167 165
h 143 168 183
h 144 17 62
h 144 24 178
h 144 29 61
h 144 34 62
h 144 40 42
h 144 47 26
h 144 56 148
h 144 70 116
h 144 76 11
h 144 89 81
h 144 100 79
h 144 105 159
h 144 114 122
h 144 140 175
h 144 158 46
h 144 166 14
h 144 175 29
h 144 194 77
h 145 15 116
h 145 16 81
h 145 55 94
h 145 59 185
h 145 120 180
h 145 132 126
h 145 156 87
h 145 180 96
h 145 181 120
h 145 182 5
h 146 6 16
h 146 7 8
h 146 30 196
h 146 32 195
h 146 36 125
h 146 41 42
h 146 66 78
h 146 75 28
h 146 80 67
h 146 85 90
h 146 94 192
h 146 102 35
h 146 109 92
h 146 116 46
h 146 128 34
h 146 136 90
h 146 141 182
h 146 142 39
h 146 147 176
h 146 148 172
h 146 162 98
h 146 178 71
h 146 188 136
h 146 189 141
h 147 6 27
h 147 30 185
h 147 32 153
h 147 36 33
h 147 66 80
h 147 75 79
h 147 80 90
h 147 85 142
h 147 94 189
h 147 98 45
h 147 102 41
h 147 109 14
h 147 116 59
h 147 136 46
h 147 139 16
h 147 141 137
h 147 142 62
h 147 146 176
h 147 148 124
h 147 162 123
h 147 188 165
h 147 189 186
h 148 7 61
h 148 30 174
h 148 32 170
h 148 36 179
h 148 37 80
h 148 41 142
h 148 85 89
h 148 94 138
h 148 109 10
h 148 128 91
h 148 136 168
h 148 141 131
h 148 142 97
h 148 146 172
h 148 147 124
h 148 162 127
h 148 178 124
h 148 186 70
h 148 188 137
h 148 189 106
h 149 20 149
h 149 28 135
h 149 42 157
h 149 45 46
h 149 54 58
h 149 57 94
h 149 58 164
h 149 60 185
h 149 67 13
h 149 68 58
h 149 104 30
h 149 110 180
h 149 119 41
h 149 126 86
h 149 157 113
h 149 164 69
h 149 184 108
h 149 196 159
h 149 199 166
h 150 22 74
h 150 44 66
h 150 72 126
h 150 82 88
h 150 90 70
h 150 113 194
h 150 117 167
h 150 124 60
h 150 134 75
h 150 154 172
h 150 159 170
h 150 173 37
h 150 191 102
h 150 192 185
h 150 197 123
h 151 17 181
h 151 24 17
h 151 29 70
h 151 33 167
h 151 39 164
h 151 47 136
h 151 52 93
h 151 56 51
h 151 64 184
h 151 67 64
h 151 89 31
h 151 105 26
h 151 108 139
h 151 114 142
h 151 121 16
h 151 122 133
h 151 174 107
h 151 175 190
h 151 190 157
h 151 194 157
h 152 5 197
h 152 26 196
h 152 43 80
h 152 65 16
h 152 71 127
h 152 92 66
h 152 93 109
h 152 99 191
h 152 111 150
h 152 176 90
h 153 1 66
h 153 3 28
h 153 4 103
h 153 18 133
h 153 19 129
h 153 34 160
h 153 48 99
h 153 78 129
h 153 96 62
h 153 100 64
h 153 101 55
h 153 130 69
h 153 131 182
h 153 140 91
h 153 155 38
h 153 158 192
h 153 170 165
h 154 22 16
h 154 31 81
h 154 44 44
h 154 51 38
h 154 72 71
h 154 82 169
h 154 90 146
h 154 97 107
h 154 106 72
h 154 113 144
h 154 117 136
h 154 124 155
h 154 150 172
h 154 159 143
h 154 160 70
h 154 169 81
h 154 173 14
h 154 183 22
h 154 191 59
h 154 192 193
h 154 197 147
h 154 200 106
h 155 1 148
h 155 18 154
h 155 25 70
h 155 34 79
h 155 43 145
h 155 48 190
h 155 65 189
h 155 84 80
h 155 92 171
h 155 100 49
h 155 111 50
h 155 131 32
h 155 138 146
h 155 153 38
h 155 170 116
h 155 171 110
h 155 176 38
h 156 15 18
h 156 45 111
h 156 55 155
h 156 59 49
h 156 68 61
h 156 107 167
h 156 119 74
h 156 120 20
h 156 132 135
h 156 145 87
h 156 157 43
h 156 165 159
h 156 181 170
h 157 20 49
h 157 45 190
h 157 55 47
h 157 58 142
h 157 60 86
h 157 67 46
h 157 68 161
h 157 107 152
h 157 110 100
h 157 119 157
h 157 127 89
h 157 149 113
h 157 156 43
h 157 165 159
h 157 181 27
h 157 184 186
h 157 196 163
h 158 1 66
h 158 4 71
h 158 18 126
h 158 19 99
h 158 34 171
h 158 48 73
h 158 78 79
h 158 96 83
h 158 100 92
h 158 130 72
h 158 131 153
h 158 140 138
h 158 144 46
h 158 153 192
h 158 170 127
h 158 171 16
h 159 22 162
h 159 38 11
h 159 44 162
h 159 72 185
h 159 82 79
h 159 90 102
h 159 113 155
h 159 117 75
h 159 124 52
h 159 150 170
h 159 154 143
h 159 161 92
h 159 192 175
h 159 197 15
h 160 12 32
h 160 23 157
h 160 31 179
h 160 46 76
h 160 51 130
h 160 82 129
h 160 90 58
h 160 97 195
h 160 106 195
h 160 124 139
h 160 133 168
h 160 135 132
h 160 136 7
h 160 142 50
h 160 154 70
h 160 169 170
h 160 172 76
h 160 183 194
h 160 192 9
h 160 195 183
h 160 197 83
h 160 198 175
h 160 200 194
h 161 22 176
h 161 38 10
h 161 44 177
h 161 50 92
h 161 62 78
h 161 72 144
h 161 159 92
h 162 23 104
h 162 30 132
h 162 32 62
h 162 36 44
h 162 41 17
h 162 85 188
h 162 94 81
h 162 98 53
h 162 133 54
h 162 135 131
h 162 136 148
h 162 139 103
h 162 142 191
h 162 146 98
h 162 147 123
h 162 148 127
h 162 163 79
h 162 183 24
h 162 187 78
h 162 188 191
h 162 189 162
h 162 195 68
h 162 198 94
h 163 23 115
h 163 31 13
h 163 46 135
h 163 85 98
h 163 98 94
h 163 135 136
h 163 139 169
h 163 142 102
h 163 162 79
h 163 183 31
h 163 187 177
h 163 188 43
h 163 189 10
h 163 195 7
h 163 198 37
h 164 28 122
h 164 42 147
h 164 49 170
h 164 54 182
h 164 57 62
h 164 60 99
h 164 73 61
h 164 104 122
h 164 110 6
h 164 137 190
h 164 149 69
h 164 199 105
h 165 45 189
h 165 55 154
h 165 58 25
h 165 68 135
h 165 107 199
h 165 119 139
h 165 127 60
h 165 132 115
h 165 156 159
h 165 157 159
h 165 181 148
h 165 184 137
h 165 196 69
h 166 7 131
h 166 10 142
h 166 17 27
h 166 29 180
h 166 36 49
h 166 37 134
h 166 41 90
h 166 56 149
h 166 70 179
h 166 76 190
h 166 83 84
h 166 87 6
h 166 89 188
h 166 114 85
h 166 122 104
h 166 128 131
h 166 144 14
h 166 177 174
h 166 178 112
h 166 186 160
h 167 14 185
h 167 73 77
h 167 77 112
h 167 91 132
h 167 104 15
h 167 112 117
h 167 115 192
h 167 125 46
h 167 143 165
h 167 168 196
h 168 14 185
h 168 73 105
h 168 77 83
h 168 91 117
h 168 104 62
h 168 112 80
h 168 115 198
h 168 125 61
h 168 143 183
h 168 167 196
h 169 12 143
h 169 23 74
h 169 31 111
h 169 38 21
h 169 51 190
h 169 82 165
h 169 87 26
h 169 90 135
h 169 97 163
h 169 106 189
h 169 124 178
h 169 129 91
h 169 133 163
h 169 135 38
h 169 154 81
h 169 160 170
h 169 172 166
h 169 183 144
h 169 192 36
h 169 195 151
h 169 197 16
h 169 198 131
h 169 200 158
h 170 1 66
h 170 3 96
h 170 4 77
h 170 18 133
h 170 19 104
h 170 34 111
h 170 43 7
h 170 48 143
h 170 65 49
h 170 78 164
h 170 79 61
h 170 84 114
h 170 101 114
h 170 131 184
h 170 153 165
h 170 155 116
h 170 158 127
h 171 1 191
h 171 2 30
h 171 18 159
h 171 24 9
h 171 25 195
h 171 34 131
h 171 40 162
h 171 48 135
h 171 65 92
h 171 69 85
h 171 86 144
h 171 92 68
h 171 100 176
h 171 103 82
h 171 105 27
h 171 138 181
h 171 140 51
h 171 155 110
h 171 158 16
h 171 176 10
h 171 179 109
h 171 193 82
h 172 10 62
h 172 12 195
h 172 37 10
h 172 38 106
h 172 51 192
h 172 82 124
h 172 87 142
h 172 90 133
h 172 97 60
h 172 106 119
h 172 124 142
h 172 129 178
h 172 133 106
h 172 160 76
h 172 169 166
h 172 183 31
h 172 195 64
h 172 198 34
h 172 200 50
h 173 31 35
h 173 46 33
h 173 113 52
h 173 117 149
h 173 134 48
h 173 150 37
h 173 154 14
h 173 191 187
h 173 197 148
h 174 2 147
h 174 17 124
h 174 24 109
h 174 33 27
h 174 39 157
h 174 40 73
h 174 47 196
h 174 64 15
h 174 69 122
h 174 103 148
h 174 105 134
h 174 108 121
h 174 114 89
h 174 118 152
h 174 121 148
h 174 151 107
h 174 175 141
h 174 179 35
h 174 190 153
h 174 194 176
h 175 17 196
h 175 24 91
h 175 29 91
h 175 33 124
h 175 39 158
h 175 47 165
h 175 52 19
h 175 56 97
h 175 64 158
h 175 70 28
h 175 89 62
h 175 105 97
h 175 108 118
h 175 114 173
h 175 121 30
h 175 122 115
h 175 144 29
h 175 151 190
h 175 174 141
h 175 190 148
h 175 194 186
h 176 5 120
h 176 26 112
h 176 43 48
h 176 61 41
h 176 65 104
h 176 86 48
h 176 92 136
h 176 99 62
h 176 111 186
h 176 138 106
h 176 152 90
h 176 155 38
h 176 171 10
h 176 193 105
h 177 7 187
h 177 10 79
h 177 21 89
h 177 29 158
h 177 36 102
h 177 37 113
h 177 41 99
h 177 56 83
h 177 64 36
h 177 70 116
h 177 76 144
h 177 83 167
h 177 89 150
h 177 114 37
h 177 122 141
h 177 128 182
h 177 166 174
h 177 178 167
h 177 186 191
h 178 7 189
h 178 10 60
h 178 21 97
h 178 29 54
h 178 30 46
h 178 32 104
h 178 36 179
h 178 37 135
h 178 41 155
h 178 70 8
h 178 76 93
h 178 83 159
h 178 89 50
h 178 94 8
h 178 109 34
h 178 122 39
h 178 128 196
h 178 136 67
h 178 141 79
h 178 146 71
h 178 148 124
h 178 166 112
h 178 177 167
h 178 186 190
h 179 1 46
h 179 2 165
h 179 25 143
h 179 40 150
h 179 61 59
h 179 69 183
h 179 77 53
h 179 86 190
h 179 91 58
h 179 100 63
h 179 103 162
h 179 105 11
h 179 118 156
h 179 121 21
h 179 138 86
h 179 171 109
h 179 174 35
h 179 193 164
h 180 6 52
h 180 11 157
h 180 13 54
h 180 16 85
h 180 59 102
h 180 63 95
h 180 74 160
h 180 102 37
h 180 116 19
h 180 120 119
h 180 145 96
h 180 182 184
h 181 15 130
h 181 45 93
h 181 55 196
h 181 59 122
h 181 107 151
h 181 120 101
h 181 132 193
h 181 145 120
h 181 156 170
h 181 157 27
h 181 165 148
h 181 184 18
h 182 6 95
h 182 9 47
h 182 11 189
h 182 13 81
h 182 16 61
h 182 59 29
h 182 63 157
h 182 66 38
h 182 74 183
h 182 75 47
h 182 80 43
h 182 102 80
h 182 116 70
h 182 120 55
h 182 145 5
h 182 180 184
h 183 23 182
h 183 31 181
h 183 46 110
h 183 51 95
h 183 82 85
h 183 97 186
h 183 106 182
h 183 124 97
h 183 133 167
h 183 135 164
h 183 136 34
h 183 142 93
h 183 154 22
h 183 160 194
h 183 162 24
h 183 163 31
h 183 169 144
h 183 172 31
h 183 195 189
h 183 197 65
h 183 198 187
h 183 200 186
h 184 20 97
h 184 45 169
h 184 52 93
h 184 55 49
h 184 58 169
h 184 60 54
h 184 67 124
h 184 68 102
h 184 107 126
h 184 110 127
h 184 119 95
h 184 127 150
h 184 149 108
h 184 157 186
h 184 165 137
h 184 181 18
h 184 196 124
h 184 199 19
h 185 27 63
h 185 43 12
h 185 71 120
h 185 79 68
h 185 84 32
h 185 88 88
h 185 93 130
h 185 123 67
h 186 7 192
h 186 10 100
h 186 21 79
h 186 29 118
h 186 32 33
h 186 36 152
h 186 37 148
h 186 41 147
h 186 56 31
h 186 70 84
h 186 76 142
h 186 83 159
h 186 89 116
h 186 122 89
h 186 128 195
h 186 136 24
h 186 148 70
h 186 166 160
h 186 177 191
h 186 178 190
h 187 23 29
h 187 46 37
h 187 85 123
h 187 98 168
h 187 135 67
h 187 139 197
h 187 142 74
h 187 162 78
h 187 163 177
h 187 188 70
h 187 189 68
h 188 23 40
h 188 30 163
h 188 32 103
h 188 36 47
h 188 85 193
h 188 94 131
h 188 98 77
h 188 135 77
h 188 136 125
h 188 139 100
h 188 141 53
h 188 142 165
h 188 146 136
h 188 147 165
h 188 148 137
h 188 162 191
h 188 163 43
h 188 187 70
h 188 189 188
h 188 198 26
h 189 30 164
h 189 32 106
h 189 75 14
h 189 80 13
h 189 85 183
h 189 94 152
h 189 98 110
h 189 135 6
h 189 136 63
h 189 139 101
h 189 141 71
h 189 142 118
h 189 146 141
h 189 147 186
h 189 148 106
h 189 162 162
h 189 163 10
h 189 187 68
h 189 188 188
h 190 2 35
h 190 17 119
h 190 20 13
h 190 33 149
h 190 39 199
h 190 47 160
h 190 52 47
h 190 64 100
h 190 67 42
h 190 103 13
h 190 105 5
h 190 108 194
h 190 114 51
h 190 118 52
h 190 121 145
h 190 126 84
h 190 151 157
h 190 174 153
h 190 175 148
h 190 194 140
h 191 31 5
h 191 113 120
h 191 117 182
h 191 134 116
h 191 150 102
h 191 154 59
h 191 173 187
h 191 192 44
h 191 197 152
h 192 22 77
h 192 31 21
h 192 38 7
h 192 44 95
h 192 72 122
h 192 82 150
h 192 90 142
h 192 97 53
h 192 106 16
h 192 113 162
h 192 117 130
h 192 124 131
h 192 150 185
h 192 154 193
h 192 159 175
h 192 160 9
h 192 169 36
h 192 191 44
h 192 197 117
h 192 200 52
h 193 1 25
h 193 2 65
h 193 25 108
h 193 40 66
h 193 61 143
h 193 69 99
h 193 77 54
h 193 86 180
h 193 91 15
h 193 103 55
h 193 111 23
h 193 118 50
h 193 138 110
h 193 171 82
h 193 176 105
h 193 179 164
h 194 2 64
h 194 17 183
h 194 24 143
h 194 29 53
h 194 33 65
h 194 39 149
h 194 40 24
h 194 47 190
h 194 56 93
h 194 64 98
h 194 69 39
h 194 70 14
h 194 89 32
h 194 103 87
h 194 105 152
h 194 108 101
h 194 114 168
h 194 118 68
h 194 121 67
h 194 122 45
h 194 144 77
h 194 151 157
h 194 174 176
h 194 175 186
h 194 190 140
h 195 12 11
h 195 23 177
h 195 31 143
h 195 46 56
h 195 51 118
h 195 82 63
h 195 97 164
h 195 106 181
h 195 124 83
h 195 133 192
h 195 135 164
h 195 136 101
h 195 142 124
h 195 160 183
h 195 162 68
h 195 163 7
h 195 169 151
h 195 172 64
h 195 183 189
h 195 198 198
h 195 200 162
h 196 20 45
h 196 42 127
h 196 45 130
h 196 58 118
h 196 60 169
h 196 68 167
h 196 107 62
h 196 110 108
h 196 119 158
h 196 149 159
h 196 157 163
h 196 165 69
h 196 184 124
h 196 199 53
h 197 31 143
h 197 46 64
h 197 82 88
h 197 90 10
h 197 97 122
h 197 106 55
h 197 113 109
h 197 117 169
h 197 124 72
h 197 150 123
h 197 154 147
h 197 159 15
h 197 160 83
h 197 169 16
h 197 173 148
h 197 183 65
h 197 191 152
h 197 192 117
h 197 200 127
h 198 23 186
h 198 31 138
h 198 46 68
h 198 51 94
h 198 82 33
h 198 85 31
h 198 97 153
h 198 106 168
h 198 124 54
h 198 133 187
h 198 135 177
h 198 136 112
h 198 142 144
h 198 160 175
h 198 162 94
h 198 163 37
h 198 169 131
h 198 172 34
h 198 183 187
h 198 188 26
h 198 195 198
h 198 200 151
h 199 20 172
h 199 28 193
h 199 42 118
h 199 54 134
h 199 57 178
h 199 58 132
h 199 60 131
h 199 104 141
h 199 110 174
h 199 126 158
h 199 137 70
h 199 149 166
h 199 164 105
h 199 184 19
h 199 196 53
h 200 12 8
h 200 23 141
h 200 31 191
h 200 46 91
h 200 51 109
h 200 82 141
h 200 90 68
h 200 97 199
h 200 106 185
h 200 117 14
h 200 124 145
h 200 133 138
h 200 135 111
h 200 154 106
h 200 160 194
h 200 169 158
h 200 172 50
h 200 183 186
h 200 192 52
h 200 195 162
h 200 197 127
h 200 198 151
