h 200 15 433.201
r 1 398.879525
r 2 397.563334
r 3 411.896959
r 4 430.188948
r 5 401.394267
r 6 412.124245
r 7 408.491459
r 8 403.370300
r 9 396.229716
r 10 419.095256
r 11 433.200861
r 12 426.240055
r 13 401.533137
r 14 407.386882
r 15 432.634571
t 1 14.262416
t 2 47.408671
t 3 25.368331
t 4 6.679465
t 5 11.678645
t 6 38.948930
t 7 43.676243
t 8 24.972153
t 9 37.574307
t 10 42.434898
t 11 37.790670
t 12 20.708175
t 13 17.619165
t 14 10.454270
t 15 44.091619
t 16 19.717917
t 17 40.475578
t 18 22.684682
t 19 26.237121
t 20 21.261999
t 21 45.109182
t 22 43.854150
t 23 49.330695
t 24 28.679250
t 25 33.850440
t 26 32.185123
t 27 14.712620
t 28 35.936035
t 29 46.782734
t 30 47.180388
t 31 40.636254
t 32 20.588825
t 33 19.968920
t 34 39.262443
t 35 29.480781
t 36 31.554003
t 37 25.245508
t 38 41.756840
t 39 45.175176
t 40 32.895950
t 41 8.368343
t 42 12.059261
t 43 47.136279
t 44 8.012252
t 45 13.233451
t 46 32.793256
t 47 28.990709
t 48 28.533587
t 49 46.971958
t 50 20.313698
t 51 5.258412
t 52 9.845148
t 53 45.339765
t 54 36.518152
t 55 34.301621
t 56 27.364383
t 57 17.728923
t 58 22.260877
t 59 25.354305
t 60 43.340665
t 61 36.964127
t 62 10.325687
t 63 5.794694
t 64 24.903497
t 65 33.356838
t 66 7.387772
t 67 5.895685
t 68 47.991087
t 69 33.402918
t 70 15.186932
t 71 45.751977
t 72 42.560355
t 73 32.621937
t 74 49.665427
t 75 25.021297
t 76 22.757995
t 77 21.863072
t 78 19.479451
t 79 25.243474
t 80 11.511446
t 81 23.692597
t 82 12.134247
t 83 34.268278
t 84 10.583757
t 85 27.739560
t 86 13.104014
t 87 19.246226
t 88 12.403954
t 89 6.590214
t 90 30.910827
t 91 11.491784
t 92 39.589355
t 93 13.675572
t 94 27.642192
t 95 11.208003
t 96 36.686357
t 97 36.317922
t 98 44.294769
t 99 31.100357
t 100 15.293656
t 101 10.521920
t 102 36.752891
t 103 35.159202
t 104 20.355318
t 105 41.781768
t 106 47.426237
t 107 34.680017
t 108 33.488833
t 109 35.806896
t 110 25.594983
t 111 41.652297
t 112 27.538810
t 113 24.364642
t 114 27.968706
t 115 17.874619
t 116 32.842112
t 117 9.355444
t 118 34.336847
t 119 33.996322
t 120 36.587963
t 121 23.999386
t 122 41.385113
t 123 28.906661
t 124 39.945654
t 125 48.532460
t 126 7.921188
t 127 41.884716
t 128 44.969563
t 129 45.085153
t 130 26.189663
t 131 36.195058
t 132 6.822386
t 133 20.150396
t 134 15.228235
t 135 5.667991
t 136 48.987210
t 137 23.554964
t 138 6.583522
t 139 18.398290
t 140 49.366021
t 141 35.308289
t 142 36.668954
t 143 45.769979
t 144 40.923886
t 145 17.417488
t 146 41.217195
t 147 35.219212
t 148 41.334208
t 149 35.306858
t 150 39.342045
t 151 17.894302
t 152 6.284742
t 153 17.705836
t 154 47.032379
t 155 9.212512
t 156 40.985940
t 157 21.965903
t 158 45.312462
t 159 23.683054
t 160 7.185307
t 161 47.589172
t 162 24.850509
t 163 28.152867
t 164 46.829384
t 165 24.633950
t 166 32.208654
t 167 25.618174
t 168 9.294013
t 169 5.068726
t 170 5.760630
t 171 17.020139
t 172 22.940951
t 173 43.804984
t 174 23.107631
t 175 36.292388
t 176 37.609862
t 177 31.532414
t 178 8.343114
t 179 11.457721
t 180 22.111760
t 181 17.809657
t 182 41.475433
t 183 41.690055
t 184 35.141182
t 185 29.704512
t 186 49.741364
t 187 39.060517
t 188 35.795916
t 189 5.941507
t 190 24.029778
t 191 20.360655
t 192 38.480091
t 193 29.809702
t 194 38.565487
t 195 11.593259
t 196 39.523684
t 197 44.943967
t 198 17.251381
t 199 20.370222
t 200 27.360961
h 1 8 119
h 1 27 153
h 1 49 23
h 1 52 152
h 1 54 191
h 1 64 93
h 1 67 176
h 1 68 89
h 1 82 183
h 1 87 71
h 1 93 11
h 1 106 189
h 1 109 100
h 1 110 192
h 1 112 153
h 1 116 148
h 1 144 45
h 1 145 127
h 1 159 160
h 1 190 64
h 2 31 114
h 2 46 70
h 2 66 162
h 2 92 137
h 2 94 43
h 2 101 175
h 2 130 35
h 2 137 18
h 2 146 123
h 2 148 73
h 2 156 26
h 3 9 44
h 3 10 86
h 3 45 115
h 3 59 119
h 3 64 117
h 3 65 183
h 3 68 67
h 3 81 163
h 3 83 183
h 3 98 122
h 3 105 54
h 3 109 27
h 3 145 48
h 3 171 112
h 3 185 145
h 4 34 156
h 4 81 25
h 4 93 57
h 4 97 38
h 4 98 139
h 4 102 69
h 4 140 105
h 4 157 185
h 4 158 162
h 4 168 39
h 4 170 91
h 4 171 138
h 4 183 167
h 5 8 61
h 5 12 90
h 5 14 115
h 5 18 118
h 5 22 164
h 5 25 195
h 5 27 5
h 5 71 166
h 5 73 136
h 5 104 123
h 5 116 5
h 5 135 133
h 5 147 58
h 5 165 25
h 5 175 7
h 5 178 89
h 6 51 11
h 6 69 131
h 6 88 192
h 6 89 150
h 6 102 62
h 6 120 32
h 6 124 100
h 6 128 145
h 6 131 75
h 6 179 113
h 6 187 110
h 6 188 35
h 7 17 27
h 7 56 49
h 7 58 81
h 7 63 117
h 7 72 80
h 7 90 30
h 7 91 178
h 7 100 30
h 7 118 192
h 7 138 81
h 7 150 147
h 7 161 171
h 7 180 134
h 8 1 119
h 8 5 61
h 8 10 27
h 8 12 14
h 8 18 108
h 8 25 20
h 8 27 194
h 8 54 58
h 8 64 91
h 8 67 52
h 8 73 106
h 8 82 170
h 8 106 150
h 8 109 162
h 8 110 160
h 8 116 193
h 8 135 101
h 8 145 149
h 8 147 90
h 8 165 25
h 8 190 125
h 9 3 44
h 9 36 112
h 9 41 190
h 9 45 187
h 9 59 169
h 9 63 22
h 9 81 73
h 9 100 48
h 9 105 199
h 9 122 98
h 9 123 74
h 9 139 108
h 9 149 143
h 9 163 93
h 9 173 25
h 9 185 156
h 9 195 176
h 10 3 86
h 10 8 27
h 10 13 12
h 10 22 24
h 10 36 90
h 10 64 124
h 10 65 153
h 10 75 69
h 10 83 120
h 10 109 136
h 10 116 46
h 10 145 114
h 10 147 180
h 10 165 183
h 10 178 59
h 11 80 127
h 11 104 22
h 11 134 128
h 11 151 196
h 11 155 154
h 11 160 152
h 11 175 76
h 11 177 194
h 11 194 142
h 12 5 90
h 12 8 14
h 12 14 180
h 12 18 183
h 12 25 105
h 12 39 78
h 12 71 166
h 12 73 183
h 12 103 157
h 12 117 127
h 12 135 185
h 12 152 14
h 12 190 112
h 12 200 54
h 13 10 12
h 13 21 193
h 13 22 17
h 13 36 116
h 13 55 99
h 13 75 194
h 13 92 103
h 13 94 107
h 13 119 128
h 13 123 8
h 13 127 99
h 13 130 117
h 13 133 100
h 13 137 170
h 13 147 12
h 13 156 137
h 13 163 31
h 13 165 77
h 13 173 73
h 13 178 120
h 14 5 115
h 14 12 180
h 14 18 146
h 14 25 140
h 14 39 104
h 14 71 188
h 14 73 154
h 14 80 26
h 14 103 173
h 14 104 42
h 14 117 44
h 14 135 157
h 14 190 17
h 15 20 9
h 15 48 127
h 15 50 16
h 15 61 33
h 15 114 160
h 15 120 64
h 15 129 198
h 15 131 106
h 15 132 175
h 15 166 86
h 15 174 72
h 15 179 13
h 15 187 62
h 15 191 142
h 16 26 23
h 16 29 96
h 16 32 109
h 16 53 186
h 16 57 127
h 16 86 170
h 16 107 109
h 16 113 39
h 16 125 193
h 16 136 131
h 16 167 76
h 16 186 188
h 16 192 97
h 16 198 134
h 17 7 27
h 17 28 98
h 17 58 78
h 17 72 194
h 17 76 131
h 17 77 9
h 17 90 41
h 17 100 170
h 17 113 57
h 17 115 99
h 17 122 75
h 17 162 187
h 17 167 32
h 17 182 62
h 17 195 24
h 18 5 118
h 18 8 108
h 18 12 183
h 18 14 146
h 18 25 116
h 18 27 92
h 18 71 155
h 18 73 198
h 18 103 88
h 18 110 10
h 18 116 57
h 18 117 110
h 18 135 198
h 18 190 156
h 18 200 20
h 19 23 137
h 19 38 189
h 19 40 67
h 19 44 26
h 19 62 80
h 19 78 48
h 19 79 170
h 19 84 168
h 19 169 73
h 19 172 113
h 19 196 112
h 20 15 9
h 20 51 54
h 20 61 177
h 20 120 69
h 20 132 80
h 20 164 130
h 20 174 95
h 21 13 193
h 21 36 134
h 21 47 32
h 21 55 130
h 21 75 182
h 21 92 89
h 21 94 129
h 21 119 85
h 21 123 70
h 21 127 138
h 21 130 75
h 21 133 144
h 21 137 146
h 21 149 38
h 21 156 100
h 21 163 87
h 21 165 40
h 21 173 123
h 21 178 70
h 21 189 6
h 22 5 164
h 22 10 24
h 22 13 17
h 22 25 148
h 22 71 68
h 22 73 13
h 22 75 54
h 22 104 125
h 22 119 111
h 22 130 87
h 22 135 7
h 22 137 55
h 22 147 114
h 22 156 87
h 22 165 112
h 22 175 67
h 22 178 178
h 23 19 137
h 23 38 100
h 23 40 124
h 23 44 162
h 23 79 190
h 23 84 34
h 23 95 109
h 23 193 92
h 24 30 67
h 24 37 182
h 24 43 131
h 24 74 190
h 24 85 187
h 24 89 64
h 24 121 33
h 24 124 151
h 24 143 122
h 24 181 15
h 24 188 21
h 24 197 144
h 25 5 195
h 25 8 20
h 25 12 105
h 25 14 140
h 25 18 116
h 25 22 148
h 25 71 181
h 25 73 135
h 25 80 27
h 25 103 35
h 25 104 142
h 25 135 133
h 25 147 6
h 25 160 5
h 25 175 28
h 25 178 62
h 26 16 23
h 26 29 64
h 26 32 16
h 26 34 49
h 26 35 189
h 26 48 50
h 26 50 152
h 26 53 100
h 26 86 24
h 26 107 159
h 26 157 31
h 26 158 9
h 26 166 86
h 26 168 183
h 26 186 101
h 26 192 104
h 27 1 153
h 27 5 5
h 27 8 194
h 27 18 92
h 27 52 44
h 27 54 106
h 27 64 88
h 27 67 89
h 27 73 85
h 27 82 185
h 27 106 170
h 27 109 150
h 27 110 183
h 27 112 18
h 27 116 193
h 27 135 80
h 27 145 146
h 27 147 43
h 27 159 42
h 27 190 140
h 28 17 98
h 28 57 36
h 28 58 77
h 28 72 79
h 28 76 140
h 28 77 177
h 28 90 85
h 28 115 186
h 28 136 72
h 28 141 47
h 28 162 110
h 28 182 190
h 28 198 57
h 29 16 96
h 29 26 64
h 29 35 84
h 29 50 133
h 29 53 145
h 29 86 170
h 29 107 171
h 29 125 41
h 29 186 126
h 29 191 25
h 29 192 196
h 30 24 67
h 30 37 143
h 30 42 172
h 30 49 129
h 30 74 100
h 30 85 35
h 30 87 83
h 30 93 57
h 30 96 185
h 30 97 135
h 30 112 22
h 30 121 129
h 30 124 79
h 30 126 181
h 30 140 68
h 30 143 37
h 30 144 144
h 30 170 73
h 30 181 190
h 30 188 176
h 30 197 180
h 30 199 159
h 31 2 114
h 31 33 68
h 31 46 194
h 31 47 90
h 31 55 143
h 31 60 119
h 31 66 19
h 31 92 118
h 31 94 158
h 31 101 169
h 31 127 99
h 31 189 36
h 32 16 109
h 32 26 16
h 32 53 90
h 32 57 16
h 32 76 87
h 32 113 182
h 32 122 76
h 32 125 116
h 32 136 115
h 32 139 72
h 32 154 170
h 32 162 42
h 32 167 190
h 32 176 174
h 32 186 114
h 32 198 140
h 33 31 68
h 33 46 110
h 33 47 178
h 33 55 98
h 33 56 181
h 33 60 190
h 33 63 20
h 33 91 45
h 33 94 66
h 33 118 6
h 33 123 16
h 33 127 107
h 33 133 52
h 33 138 163
h 33 150 7
h 33 161 80
h 33 173 47
h 33 180 133
h 33 189 175
h 34 4 156
h 34 26 49
h 34 81 80
h 34 98 146
h 34 139 14
h 34 154 89
h 34 157 155
h 34 158 197
h 34 168 98
h 34 171 156
h 34 176 26
h 34 183 53
h 35 26 189
h 35 29 84
h 35 48 102
h 35 50 183
h 35 53 71
h 35 86 12
h 35 107 161
h 35 114 81
h 35 166 123
h 35 168 174
h 35 186 65
h 35 191 64
h 35 192 120
h 36 9 112
h 36 10 90
h 36 13 116
h 36 21 134
h 36 41 57
h 36 45 91
h 36 59 31
h 36 65 30
h 36 75 132
h 36 105 109
h 36 123 101
h 36 127 28
h 36 133 111
h 36 147 21
h 36 149 126
h 36 163 125
h 36 165 80
h 36 173 110
h 36 185 30
h 36 195 45
h 37 24 182
h 37 30 143
h 37 42 44
h 37 43 97
h 37 49 16
h 37 74 192
h 37 85 170
h 37 89 73
h 37 96 73
h 37 121 79
h 37 124 168
h 37 126 90
h 37 143 104
h 37 144 9
h 37 181 101
h 37 188 114
h 37 197 189
h 37 199 47
h 38 19 189
h 38 23 100
h 38 62 121
h 38 78 97
h 38 79 134
h 38 84 155
h 38 169 12
h 38 172 116
h 38 196 136
h 39 12 78
h 39 14 104
h 39 71 26
h 39 103 177
h 39 117 14
h 40 19 67
h 40 23 124
h 40 44 152
h 40 70 44
h 40 79 142
h 40 84 25
h 40 95 188
h 40 99 5
h 40 142 79
h 40 153 103
h 40 169 94
h 40 193 183
h 41 9 190
h 41 36 57
h 41 45 169
h 41 59 157
h 41 63 49
h 41 81 46
h 41 100 112
h 41 105 189
h 41 122 142
h 41 123 67
h 41 139 135
h 41 149 138
h 41 150 29
h 41 163 80
h 41 176 12
h 41 185 136
h 41 195 193
h 42 30 172
h 42 37 44
h 42 49 173
h 42 52 83
h 42 54 71
h 42 67 56
h 42 68 32
h 42 87 152
h 42 93 123
h 42 96 190
h 42 97 147
h 42 112 134
h 42 121 138
h 42 126 157
h 42 140 102
h 42 144 191
h 42 159 103
h 42 170 114
h 42 181 193
h 42 183 6
h 42 188 127
h 42 197 108
h 42 199 141
h 43 24 131
h 43 37 97
h 43 62 145
h 43 74 80
h 43 78 159
h 43 85 63
h 43 121 101
h 43 143 195
h 43 172 94
h 43 184 120
h 43 196 125
h 43 197 53
h 44 19 26
h 44 23 162
h 44 40 152
h 44 79 139
h 44 95 172
h 44 153 23
h 44 193 166
h 45 3 115
h 45 9 187
h 45 36 91
h 45 41 169
h 45 59 193
h 45 65 71
h 45 81 138
h 45 83 34
h 45 98 21
h 45 105 190
h 45 122 89
h 45 139 122
h 45 149 83
h 45 163 20
h 45 171 26
h 45 185 189
h 45 195 137
h 46 2 70
h 46 31 194
h 46 33 110
h 46 47 116
h 46 55 140
h 46 56 28
h 46 60 147
h 46 92 75
h 46 94 147
h 46 101 148
h 46 127 103
h 46 189 70
h 47 21 32
h 47 31 90
h 47 33 178
h 47 46 116
h 47 55 161
h 47 56 174
h 47 60 192
h 47 63 68
h 47 91 45
h 47 94 134
h 47 123 101
h 47 127 173
h 47 133 141
h 47 138 163
h 47 149 13
h 47 150 43
h 47 161 50
h 47 163 84
h 47 173 134
h 47 180 106
h 47 189 194
h 48 15 127
h 48 26 50
h 48 35 102
h 48 50 81
h 48 102 102
h 48 114 111
h 48 128 95
h 48 129 122
h 48 131 158
h 48 132 20
h 48 157 14
h 48 166 195
h 48 168 102
h 48 179 131
h 48 187 34
h 48 191 74
h 49 1 23
h 49 30 129
h 49 37 16
h 49 42 173
h 49 52 140
h 49 54 91
h 49 67 33
h 49 87 193
h 49 93 29
h 49 96 134
h 49 97 45
h 49 111 97
h 49 112 113
h 49 121 181
h 49 126 73
h 49 143 52
h 49 144 192
h 49 159 73
h 49 181 168
h 49 184 109
h 49 188 34
h 49 197 65
h 49 199 39
h 50 15 16
h 50 26 152
h 50 29 133
h 50 35 183
h 50 48 81
h 50 53 70
h 50 86 47
h 50 107 169
h 50 114 133
h 50 129 38
h 50 166 88
h 50 168 117
h 50 186 55
h 50 191 128
h 50 192 157
h 51 6 11
h 51 20 54
h 51 61 145
h 51 69 169
h 51 88 75
h 51 120 180
h 51 164 152
h 51 174 178
h 51 187 145
h 52 1 152
h 52 27 44
h 52 42 83
h 52 49 140
h 52 54 176
h 52 67 116
h 52 82 81
h 52 87 172
h 52 96 7
h 52 99 52
h 52 106 97
h 52 110 122
h 52 111 134
h 52 112 142
h 52 116 13
h 52 121 75
h 52 144 134
h 52 159 122
h 52 181 43
h 52 184 25
h 52 190 13
h 53 16 186
h 53 26 100
h 53 29 145
h 53 32 90
h 53 35 71
h 53 50 70
h 53 57 52
h 53 86 180
h 53 107 166
h 53 125 160
h 53 136 61
h 53 167 36
h 53 186 198
h 53 192 152
h 53 198 70
h 54 1 191
h 54 8 58
h 54 27 106
h 54 42 71
h 54 49 91
h 54 52 176
h 54 64 55
h 54 67 180
h 54 68 99
h 54 82 151
h 54 87 126
h 54 93 57
h 54 96 5
h 54 106 166
h 54 109 42
h 54 110 168
h 54 111 32
h 54 112 179
h 54 116 97
h 54 144 109
h 54 145 82
h 54 159 176
h 54 181 14
h 54 190 14
h 55 13 99
h 55 21 130
h 55 31 143
h 55 33 98
h 55 46 140
h 55 47 161
h 55 56 73
h 55 60 150
h 55 75 50
h 55 92 111
h 55 94 195
h 55 101 45
h 55 123 64
h 55 127 192
h 55 133 146
h 55 137 75
h 55 138 57
h 55 156 14
h 55 163 60
h 55 173 124
h 55 189 133
h 56 7 49
h 56 33 181
h 56 46 28
h 56 47 174
h 56 55 73
h 56 60 165
h 56 63 114
h 56 91 131
h 56 94 26
h 56 118 95
h 56 123 90
h 56 127 105
h 56 133 89
h 56 138 196
h 56 149 5
h 56 150 107
h 56 161 146
h 56 163 63
h 56 173 97
h 56 180 178
h 56 189 189
h 57 16 127
h 57 28 36
h 57 32 16
h 57 53 52
h 57 76 89
h 57 86 60
h 57 115 104
h 57 125 161
h 57 136 173
h 57 167 26
h 57 186 59
h 57 198 157
h 58 7 81
h 58 17 78
h 58 28 77
h 58 72 108
h 58 77 91
h 58 90 194
h 58 118 32
h 58 141 180
h 58 162 12
h 58 182 109
h 59 3 119
h 59 9 169
h 59 36 31
h 59 41 157
h 59 45 193
h 59 65 58
h 59 81 164
h 59 83 33
h 59 98 72
h 59 105 174
h 59 122 114
h 59 139 153
h 59 149 31
h 59 154 29
h 59 171 79
h 59 176 32
h 59 185 197
h 59 195 118
h 60 31 119
h 60 33 190
h 60 46 147
h 60 47 192
h 60 55 150
h 60 56 165
h 60 63 10
h 60 91 5
h 60 94 127
h 60 123 40
h 60 127 151
h 60 133 94
h 60 138 146
h 60 161 28
h 60 163 18
h 60 173 83
h 60 180 93
h 60 189 180
h 61 15 33
h 61 20 177
h 61 51 145
h 61 69 63
h 61 120 151
h 61 129 11
h 61 132 62
h 61 164 168
h 61 174 166
h 61 187 78
h 62 19 80
h 62 38 121
h 62 43 145
h 62 78 198
h 62 84 125
h 62 143 135
h 62 172 160
h 62 184 114
h 62 196 192
h 63 7 117
h 63 9 22
h 63 33 20
h 63 41 49
h 63 47 68
h 63 56 114
h 63 60 10
h 63 72 8
h 63 91 172
h 63 100 61
h 63 105 10
h 63 118 115
h 63 123 167
h 63 127 34
h 63 133 104
h 63 138 142
h 63 149 151
h 63 150 196
h 63 161 129
h 63 163 153
h 63 173 131
h 63 180 125
h 63 189 112
h 63 195 102
h 64 1 93
h 64 3 117
h 64 8 91
h 64 10 124
h 64 27 88
h 64 54 55
h 64 65 162
h 64 67 127
h 64 68 128
h 64 82 139
h 64 83 174
h 64 106 145
h 64 109 176
h 64 110 97
h 64 112 49
h 64 116 131
h 64 145 188
h 64 147 94
h 64 159 92
h 64 165 56
h 65 3 183
h 65 10 153
h 65 36 30
h 65 45 71
h 65 59 58
h 65 64 162
h 65 68 64
h 65 81 98
h 65 82 7
h 65 83 193
h 65 98 40
h 65 105 10
h 65 106 16
h 65 109 111
h 65 116 10
h 65 145 119
h 65 147 86
h 65 165 79
h 65 171 24
h 65 185 90
h 66 2 162
h 66 31 19
h 66 92 151
h 66 101 86
h 66 119 110
h 66 130 133
h 66 134 122
h 66 137 93
h 66 146 192
h 66 148 35
h 66 155 60
h 66 156 120
h 66 160 24
h 66 175 103
h 66 194 18
h 67 1 176
h 67 8 52
h 67 27 89
h 67 42 56
h 67 49 33
h 67 52 116
h 67 54 180
h 67 64 127
h 67 68 166
h 67 82 154
h 67 83 59
h 67 87 63
h 67 93 114
h 67 96 8
h 67 97 13
h 67 106 173
h 67 109 89
h 67 110 150
h 67 112 184
h 67 116 103
h 67 140 33
h 67 144 74
h 67 145 129
h 67 159 194
h 67 170 58
h 68 1 89
h 68 3 67
h 68 42 32
h 68 54 99
h 68 64 128
h 68 65 64
h 68 67 166
h 68 82 71
h 68 83 118
h 68 93 163
h 68 96 17
h 68 97 73
h 68 98 51
h 68 106 103
h 68 109 41
h 68 110 46
h 68 112 150
h 68 116 8
h 68 140 115
h 68 144 19
h 68 145 92
h 68 159 169
h 68 170 129
h 68 171 25
h 68 183 97
h 69 6 131
h 69 51 169
h 69 61 63
h 69 88 167
h 69 89 56
h 69 120 172
h 69 128 83
h 69 131 89
h 69 164 46
h 69 174 158
h 69 179 59
h 69 187 183
h 70 40 44
h 70 95 51
h 70 108 196
h 70 117 85
h 70 142 188
h 70 152 170
h 70 153 174
h 70 193 65
h 70 200 153
h 71 5 166
h 71 12 166
h 71 14 188
h 71 18 155
h 71 22 68
h 71 25 181
h 71 39 26
h 71 73 167
h 71 80 28
h 71 103 125
h 71 104 93
h 71 135 167
h 71 190 23
h 72 7 80
h 72 17 194
h 72 28 79
h 72 58 108
h 72 63 8
h 72 76 92
h 72 90 70
h 72 91 21
h 72 100 167
h 72 115 66
h 72 118 15
h 72 122 43
h 72 141 9
h 72 150 43
h 72 162 166
h 72 182 53
h 72 195 25
h 73 5 136
h 73 8 106
h 73 12 183
h 73 14 154
h 73 18 198
h 73 22 13
h 73 25 135
h 73 27 85
h 73 71 167
h 73 103 91
h 73 116 53
h 73 117 91
h 73 135 199
h 73 190 142
h 74 24 190
h 74 30 100
h 74 37 192
h 74 43 80
h 74 85 191
h 74 89 114
h 74 96 13
h 74 121 19
h 74 124 183
h 74 126 44
h 74 143 77
h 74 181 42
h 74 188 81
h 74 197 168
h 75 10 69
h 75 13 194
h 75 21 182
h 75 22 54
h 75 36 132
h 75 55 50
h 75 92 63
h 75 94 58
h 75 119 122
h 75 127 55
h 75 130 105
h 75 133 72
h 75 137 156
h 75 147 69
h 75 156 126
h 75 163 13
h 75 165 123
h 75 173 46
h 75 178 142
h 76 17 131
h 76 28 140
h 76 32 87
h 76 57 89
h 76 72 92
h 76 77 44
h 76 100 57
h 76 113 134
h 76 115 178
h 76 122 34
h 76 125 62
h 76 136 161
h 76 162 173
h 76 167 135
h 76 176 61
h 76 182 84
h 76 198 164
h 77 17 9
h 77 28 177
h 77 58 91
h 77 76 44
h 77 90 117
h 77 115 132
h 77 141 102
h 77 162 6
h 77 182 195
h 78 19 48
h 78 38 97
h 78 43 159
h 78 62 198
h 78 84 101
h 78 121 7
h 78 143 147
h 78 172 147
h 78 184 108
h 78 196 184
h 79 19 170
h 79 23 190
h 79 38 134
h 79 40 142
h 79 44 139
h 79 84 102
h 79 95 110
h 79 169 53
h 79 193 92
h 80 11 127
h 80 14 26
h 80 25 27
h 80 71 28
h 80 104 129
h 80 134 84
h 80 151 92
h 80 160 161
h 80 175 90
h 80 177 117
h 81 3 163
h 81 4 25
h 81 9 73
h 81 34 80
h 81 41 46
h 81 45 138
h 81 59 164
h 81 65 98
h 81 83 103
h 81 98 169
h 81 105 84
h 81 122 26
h 81 139 104
h 81 154 24
h 81 158 107
h 81 171 171
h 81 185 178
h 82 1 183
h 82 8 170
h 82 27 185
h 82 52 81
h 82 54 151
h 82 64 139
h 82 65 7
h 82 67 154
h 82 68 71
h 82 83 37
h 82 106 197
h 82 109 163
h 82 110 193
h 82 112 99
h 82 116 189
h 82 145 173
h 82 147 30
h 82 159 121
h 82 190 80
h 83 3 183
h 83 10 120
h 83 45 34
h 83 59 33
h 83 64 174
h 83 65 193
h 83 67 59
h 83 68 118
h 83 81 103
h 83 82 37
h 83 98 74
h 83 106 51
h 83 109 112
h 83 116 23
h 83 145 131
h 83 147 49
h 83 159 29
h 83 165 30
h 83 171 56
h 83 185 70
h 84 19 168
h 84 23 34
h 84 38 155
h 84 40 25
h 84 62 125
h 84 78 101
h 84 79 102
h 84 99 39
h 84 111 66
h 84 143 13
h 84 169 137
h 84 172 182
h 84 184 117
h 84 196 163
h 85 24 187
h 85 30 35
h 85 37 170
h 85 43 63
h 85 74 191
h 85 89 129
h 85 124 177
h 85 143 49
h 85 188 18
h 85 197 128
h 86 16 170
h 86 26 24
h 86 29 170
h 86 35 12
h 86 50 47
h 86 53 180
h 86 57 60
h 86 107 144
h 86 125 142
h 86 136 23
h 86 186 169
h 86 192 162
h 86 198 21
h 87 1 71
h 87 30 83
h 87 42 152
h 87 49 193
h 87 52 172
h 87 54 126
h 87 67 63
h 87 93 15
h 87 96 100
h 87 97 7
h 87 110 12
h 87 111 129
h 87 112 127
h 87 121 163
h 87 126 23
h 87 143 11
h 87 144 184
h 87 159 92
h 87 181 138
h 87 184 104
h 88 6 192
h 88 51 75
h 88 69 167
h 88 89 123
h 88 102 55
h 88 120 97
h 88 124 43
h 88 128 152
h 88 131 110
h 88 174 71
h 88 179 125
h 88 187 155
h 89 6 150
h 89 24 64
h 89 37 73
h 89 69 56
h 89 74 114
h 89 85 129
h 89 88 123
h 89 124 168
h 89 188 7
h 89 197 46
h 90 7 30
h 90 17 41
h 90 28 85
h 90 58 194
h 90 72 70
h 90 77 117
h 90 141 193
h 90 182 125
h 91 7 178
h 91 33 45
h 91 47 45
h 91 56 131
h 91 60 5
h 91 63 172
h 91 72 21
h 91 100 16
h 91 118 183
h 91 123 89
h 91 133 12
h 91 138 155
h 91 149 50
h 91 150 185
h 91 161 187
h 91 163 61
h 91 173 45
h 91 180 174
h 91 189 98
h 92 2 137
h 92 13 103
h 92 21 89
h 92 31 118
h 92 46 75
h 92 55 111
h 92 66 151
h 92 75 63
h 92 94 146
h 92 101 109
h 92 119 138
h 92 127 63
h 92 130 153
h 92 137 165
h 92 146 145
h 92 156 156
h 92 175 9
h 92 178 14
h 93 1 11
h 93 4 57
h 93 30 57
h 93 42 123
h 93 49 29
h 93 54 57
h 93 67 114
h 93 68 163
h 93 87 15
h 93 96 132
h 93 97 172
h 93 98 10
h 93 112 144
h 93 126 113
h 93 140 186
h 93 144 92
h 93 159 144
h 93 170 192
h 93 181 86
h 93 183 157
h 93 188 69
h 93 199 133
h 94 2 43
h 94 13 107
h 94 21 129
h 94 31 158
h 94 33 66
h 94 46 147
h 94 47 134
h 94 55 195
h 94 56 26
h 94 60 127
h 94 75 58
h 94 92 146
h 94 101 82
h 94 119 23
h 94 123 16
h 94 127 177
h 94 130 36
h 94 133 118
h 94 137 104
h 94 138 5
h 94 156 55
h 94 163 14
h 94 173 89
h 94 189 96
h 95 23 109
h 95 40 188
h 95 44 172
h 95 70 51
h 95 79 110
h 95 142 64
h 95 153 129
h 95 169 17
h 95 193 199
h 96 30 185
h 96 37 73
h 96 42 190
h 96 49 134
h 96 52 7
h 96 54 5
h 96 67 8
h 96 68 17
h 96 74 13
h 96 87 100
h 96 93 132
h 96 97 175
h 96 112 97
h 96 121 103
h 96 126 188
h 96 140 133
h 96 144 163
h 96 159 65
h 96 170 139
h 96 181 190
h 96 183 53
h 96 188 169
h 96 197 135
h 96 199 178
h 97 4 38
h 97 30 135
h 97 42 147
h 97 49 45
h 97 67 13
h 97 68 73
h 97 87 7
h 97 93 172
h 97 96 175
h 97 102 6
h 97 112 83
h 97 126 180
h 97 140 188
h 97 144 100
h 97 159 67
h 97 170 188
h 97 181 135
h 97 183 148
h 97 188 160
h 97 197 66
h 97 199 191
h 98 3 122
h 98 4 139
h 98 34 146
h 98 45 21
h 98 59 72
h 98 65 40
h 98 68 51
h 98 81 169
h 98 83 74
h 98 93 10
h 98 139 21
h 98 140 16
h 98 157 82
h 98 158 166
h 98 170 11
h 98 171 199
h 98 183 94
h 98 185 97
h 99 40 5
h 99 52 52
h 99 84 39
h 99 111 159
h 99 117 28
h 99 142 80
h 99 152 63
h 99 169 171
h 99 172 15
h 99 184 22
h 99 190 20
h 99 200 51
h 100 7 30
h 100 9 48
h 100 17 170
h 100 41 112
h 100 63 61
h 100 72 167
h 100 76 57
h 100 91 16
h 100 105 43
h 100 113 57
h 100 122 141
h 100 139 76
h 100 149 35
h 100 150 76
h 100 162 152
h 100 167 21
h 100 176 34
h 100 195 138
h 101 2 175
h 101 31 169
h 101 46 148
h 101 55 45
h 101 66 86
h 101 92 109
h 101 94 82
h 101 146 29
h 102 4 69
h 102 6 62
h 102 48 102
h 102 88 55
h 102 97 6
h 102 128 171
h 102 131 129
h 102 140 17
h 102 157 117
h 102 166 119
h 102 168 24
h 102 179 178
h 102 183 54
h 102 187 8
h 102 188 12
h 102 199 30
h 103 12 157
h 103 14 173
h 103 18 88
h 103 25 35
h 103 39 177
h 103 71 125
h 103 73 91
h 103 117 71
h 103 135 96
h 103 200 18
h 104 5 123
h 104 11 22
h 104 14 42
h 104 22 125
h 104 25 142
h 104 71 93
h 104 80 129
h 104 119 68
h 104 130 60
h 104 134 120
h 104 146 36
h 104 156 40
h 104 160 156
h 104 175 166
h 104 178 69
h 105 3 54
h 105 9 199
h 105 36 109
h 105 41 189
h 105 45 190
h 105 59 174
h 105 63 10
h 105 65 10
h 105 81 84
h 105 100 43
h 105 122 100
h 105 123 63
h 105 139 113
h 105 149 136
h 105 163 84
h 105 173 14
h 105 185 162
h 105 195 173
h 106 1 189
h 106 8 150
h 106 27 170
h 106 52 97
h 106 54 166
h 106 64 145
h 106 65 16
h 106 67 173
h 106 68 103
h 106 82 197
h 106 83 51
h 106 109 153
h 106 110 191
h 106 112 128
h 106 116 177
h 106 145 171
h 106 147 5
h 106 159 147
h 106 190 52
h 107 16 109
h 107 26 159
h 107 29 171
h 107 35 161
h 107 50 169
h 107 53 166
h 107 86 144
h 107 114 17
h 107 125 54
h 107 168 94
h 107 186 157
h 107 191 19
h 107 192 187
h 108 70 196
h 108 117 117
h 108 142 183
h 108 152 182
h 108 153 153
h 108 193 17
h 108 200 172
h 109 1 100
h 109 3 27
h 109 8 162
h 109 10 136
h 109 27 150
h 109 54 42
h 109 64 176
h 109 65 111
h 109 67 89
h 109 68 41
h 109 82 163
h 109 83 112
h 109 106 153
h 109 110 128
h 109 116 178
h 109 145 195
h 109 147 147
h 109 159 38
h 109 165 106
h 110 1 192
h 110 8 160
h 110 18 10
h 110 27 183
h 110 52 122
h 110 54 168
h 110 64 97
h 110 67 150
h 110 68 46
h 110 82 193
h 110 87 12
h 110 106 191
h 110 109 128
h 110 112 108
h 110 116 176
h 110 145 142
h 110 159 121
h 110 190 110
h 111 49 97
h 111 52 134
h 111 54 32
h 111 84 66
h 111 87 129
h 111 99 159
h 111 121 88
h 111 144 48
h 111 169 134
h 111 172 91
h 111 184 135
h 111 196 10
h 112 1 153
h 112 27 18
h 112 30 22
h 112 42 134
h 112 49 113
h 112 52 142
h 112 54 179
h 112 64 49
h 112 67 184
h 112 68 150
h 112 82 99
h 112 87 127
h 112 93 144
h 112 96 97
h 112 97 83
h 112 106 128
h 112 110 108
h 112 116 23
h 112 121 16
h 112 126 29
h 112 140 81
h 112 144 145
h 112 145 48
h 112 159 196
h 112 170 102
h 112 181 87
h 112 183 7
h 112 199 29
h 113 16 39
h 113 17 57
h 113 32 182
h 113 76 134
h 113 100 57
h 113 115 39
h 113 122 140
h 113 125 65
h 113 136 112
h 113 139 118
h 113 154 162
h 113 162 124
h 113 167 197
h 113 176 185
h 113 186 28
h 113 198 137
h 114 15 160
h 114 35 81
h 114 48 111
h 114 50 133
h 114 107 17
h 114 129 173
h 114 131 10
h 114 132 138
h 114 166 84
h 114 191 196
h 114 192 27
h 115 17 99
h 115 28 186
h 115 57 104
h 115 72 66
h 115 76 178
h 115 77 132
h 115 113 39
h 115 125 22
h 115 136 141
h 115 162 134
h 115 167 45
h 115 182 154
h 115 198 132
h 116 1 148
h 116 5 5
h 116 8 193
h 116 10 46
h 116 18 57
h 116 27 193
h 116 52 13
h 116 54 97
h 116 64 131
h 116 65 10
h 116 67 103
h 116 68 8
h 116 73 53
h 116 82 189
h 116 83 23
h 116 106 177
h 116 109 178
h 116 110 176
h 116 112 23
h 116 135 47
h 116 145 175
h 116 147 89
h 116 159 55
h 116 165 24
h 116 190 97
h 117 12 127
h 117 14 44
h 117 18 110
h 117 39 14
h 117 70 85
h 117 73 91
h 117 99 28
h 117 103 71
h 117 108 117
h 117 135 96
h 117 142 102
h 117 152 170
h 117 190 135
h 117 200 184
h 118 7 192
h 118 33 6
h 118 56 95
h 118 58 32
h 118 63 115
h 118 72 15
h 118 91 183
h 118 138 117
h 118 150 142
h 118 161 191
h 118 180 166
h 118 189 35
h 119 13 128
h 119 21 85
h 119 22 111
h 119 66 110
h 119 75 122
h 119 92 138
h 119 94 23
h 119 104 68
h 119 130 198
h 119 134 68
h 119 137 185
h 119 146 144
h 119 156 198
h 119 160 7
h 119 165 15
h 119 175 119
h 119 178 158
h 120 6 32
h 120 15 64
h 120 20 69
h 120 51 180
h 120 61 151
h 120 69 172
h 120 88 97
h 120 128 34
h 120 129 35
h 120 131 95
h 120 132 23
h 120 164 108
h 120 174 198
h 120 179 26
h 120 187 182
h 121 24 33
h 121 30 129
h 121 37 79
h 121 42 138
h 121 43 101
h 121 49 181
h 121 52 75
h 121 74 19
h 121 78 7
h 121 87 163
h 121 96 103
h 121 111 88
h 121 112 16
h 121 126 48
h 121 143 137
h 121 144 158
h 121 172 61
h 121 181 154
h 121 184 157
h 121 188 23
h 121 196 27
h 121 197 100
h 122 9 98
h 122 17 75
h 122 32 76
h 122 41 142
h 122 45 89
h 122 59 114
h 122 72 43
h 122 76 34
h 122 81 26
h 122 100 141
h 122 105 100
h 122 113 140
h 122 139 186
h 122 154 127
h 122 162 102
h 122 167 114
h 122 176 157
h 122 185 85
h 122 195 129
h 123 9 74
h 123 13 8
h 123 21 70
h 123 33 16
h 123 36 101
h 123 41 67
h 123 47 101
h 123 55 64
h 123 56 90
h 123 60 40
h 123 63 167
h 123 91 89
h 123 94 16
h 123 105 63
h 123 127 120
h 123 133 177
h 123 138 113
h 123 149 185
h 123 150 142
h 123 161 30
h 123 163 198
h 123 173 190
h 123 180 52
h 123 189 125
h 123 195 102
h 124 6 100
h 124 24 151
h 124 30 79
h 124 37 168
h 124 74 183
h 124 85 177
h 124 88 43
h 124 89 168
h 124 126 54
h 124 181 5
h 124 188 99
h 124 197 151
h 124 199 21
h 125 16 193
h 125 29 41
h 125 32 116
h 125 53 160
h 125 57 161
h 125 76 62
h 125 86 142
h 125 107 54
h 125 113 65
h 125 115 22
h 125 136 166
h 125 167 98
h 125 186 167
h 125 192 40
h 125 198 166
h 126 30 181
h 126 37 90
h 126 42 157
h 126 49 73
h 126 74 44
h 126 87 23
h 126 93 113
h 126 96 188
h 126 97 180
h 126 112 29
h 126 121 48
h 126 124 54
h 126 140 138
h 126 144 111
h 126 170 137
h 126 181 167
h 126 183 73
h 126 188 194
h 126 197 148
h 126 199 195
h 127 13 99
h 127 21 138
h 127 31 99
h 127 33 107
h 127 36 28
h 127 46 103
h 127 47 173
h 127 55 192
h 127 56 105
h 127 60 151
h 127 63 34
h 127 75 55
h 127 92 63
h 127 94 177
h 127 123 120
h 127 133 177
h 127 137 45
h 127 138 98
h 127 149 50
h 127 163 116
h 127 173 163
h 127 189 157
h 128 6 145
h 128 48 95
h 128 69 83
h 128 88 152
h 128 102 171
h 128 120 34
h 128 131 172
h 128 166 89
h 128 174 8
h 128 179 196
h 128 187 123
h 129 15 198
h 129 48 122
h 129 50 38
h 129 61 11
h 129 114 173
h 129 120 35
h 129 131 86
h 129 132 178
h 129 166 81
h 129 174 45
h 129 187 31
h 129 191 159
h 130 2 35
h 130 13 117
h 130 21 75
h 130 22 87
h 130 66 133
h 130 75 105
h 130 92 153
h 130 94 36
h 130 104 60
h 130 119 198
h 130 134 83
h 130 137 184
h 130 146 161
h 130 156 198
h 130 160 16
h 130 175 125
h 130 178 139
h 131 6 75
h 131 15 106
h 131 48 158
h 131 69 89
h 131 88 110
h 131 102 129
h 131 114 10
h 131 120 95
h 131 128 172
h 131 129 86
h 131 166 139
h 131 174 81
h 131 179 182
h 131 187 152
h 132 15 175
h 132 20 80
h 132 48 20
h 132 61 62
h 132 114 138
h 132 120 23
h 132 129 178
h 132 174 43
h 132 191 134
h 133 13 100
h 133 21 144
h 133 33 52
h 133 36 111
h 133 47 141
h 133 55 146
h 133 56 89
h 133 60 94
h 133 63 104
h 133 75 72
h 133 91 12
h 133 94 118
h 133 123 177
h 133 127 177
h 133 138 99
h 133 149 142
h 133 150 67
h 133 163 178
h 133 173 197
h 133 180 11
h 133 189 142
h 134 11 128
h 134 66 122
h 134 80 84
h 134 104 120
h 134 119 68
h 134 130 83
h 134 146 149
h 134 151 121
h 134 155 138
h 134 156 56
h 134 160 179
h 134 175 185
h 134 177 85
h 134 194 100
h 135 5 133
h 135 8 101
h 135 12 185
h 135 14 157
h 135 18 198
h 135 22 7
h 135 25 133
h 135 27 80
h 135 71 167
h 135 73 199
h 135 103 96
h 135 116 47
h 135 117 96
h 135 190 142
h 136 16 131
h 136 28 72
h 136 32 115
h 136 53 61
h 136 57 173
h 136 76 161
h 136 86 23
h 136 113 112
h 136 115 141
h 136 125 166
h 136 162 75
h 136 167 132
h 136 176 36
h 136 186 78
h 136 198 197
h 137 2 18
h 137 13 170
h 137 21 146
h 137 22 55
h 137 55 75
h 137 66 93
h 137 75 156
h 137 92 165
h 137 94 104
h 137 119 185
h 137 127 45
h 137 130 184
h 137 146 117
h 137 156 192
h 137 165 13
h 137 175 43
h 137 178 135
h 138 7 81
h 138 33 163
h 138 47 163
h 138 55 57
h 138 56 196
h 138 60 146
h 138 63 142
h 138 91 155
h 138 94 5
h 138 118 117
h 138 123 113
h 138 127 98
h 138 133 99
h 138 149 40
h 138 150 138
h 138 161 160
h 138 163 88
h 138 173 111
h 138 180 184
h 138 189 185
h 139 9 108
h 139 32 72
h 139 34 14
h 139 41 135
h 139 45 122
h 139 59 153
h 139 81 104
h 139 98 21
h 139 100 76
h 139 105 113
h 139 113 118
h 139 122 186
h 139 154 149
h 139 158 22
h 139 162 23
h 139 167 92
h 139 171 41
h 139 176 160
h 139 185 135
h 139 195 105
h 140 4 105
h 140 30 68
h 140 42 102
h 140 67 33
h 140 68 115
h 140 93 186
h 140 96 133
h 140 97 188
h 140 98 16
h 140 102 17
h 140 112 81
h 140 126 138
h 140 144 50
h 140 157 49
h 140 159 78
h 140 170 198
h 140 181 76
h 140 183 183
h 140 188 110
h 140 199 162
h 141 28 47
h 141 58 180
h 141 72 9
h 141 77 102
h 141 90 193
h 141 182 102
h 142 40 79
h 142 70 188
h 142 95 64
h 142 99 80
h 142 108 183
h 142 117 102
h 142 152 179
h 142 153 154
h 142 169 54
h 142 193 72
h 142 200 163
h 143 24 122
h 143 30 37
h 143 37 104
h 143 43 195
h 143 49 52
h 143 62 135
h 143 74 77
h 143 78 147
h 143 84 13
h 143 85 49
h 143 87 11
h 143 121 137
h 143 172 109
h 143 181 33
h 143 184 147
h 143 196 126
h 143 197 73
h 144 1 45
h 144 30 144
h 144 37 9
h 144 42 191
h 144 49 192
h 144 52 134
h 144 54 109
h 144 67 74
h 144 68 19
h 144 87 184
h 144 93 92
h 144 96 163
h 144 97 100
h 144 111 48
h 144 112 145
h 144 121 158
h 144 126 111
h 144 140 50
h 144 159 113
h 144 170 68
h 144 181 180
h 144 184 52
h 144 188 72
h 144 197 71
h 144 199 88
h 145 1 127
h 145 3 48
h 145 8 149
h 145 10 114
h 145 27 146
h 145 54 82
h 145 64 188
h 145 65 119
h 145 67 129
h 145 68 92
h 145 82 173
h 145 83 131
h 145 106 171
h 145 109 195
h 145 110 142
h 145 112 48
h 145 116 175
h 145 147 114
h 145 159 87
h 145 165 67
h 146 2 123
h 146 66 192
h 146 92 145
h 146 101 29
h 146 104 36
h 146 119 144
h 146 130 161
h 146 134 149
h 146 137 117
h 146 155 58
h 146 156 149
h 146 160 73
h 146 175 145
h 146 178 16
h 146 194 9
h 147 5 58
h 147 8 90
h 147 10 180
h 147 13 12
h 147 22 114
h 147 25 6
h 147 27 43
h 147 36 21
h 147 64 94
h 147 65 86
h 147 75 69
h 147 82 30
h 147 83 49
h 147 106 5
h 147 109 147
h 147 116 89
h 147 145 114
h 147 165 192
h 147 178 119
h 148 2 73
h 148 66 35
h 148 155 88
h 148 194 101
h 149 9 143
h 149 21 38
h 149 36 126
h 149 41 138
h 149 45 83
h 149 47 13
h 149 56 5
h 149 59 31
h 149 63 151
h 149 91 50
h 149 100 35
h 149 105 136
h 149 123 185
h 149 127 50
h 149 133 142
h 149 138 40
h 149 150 126
h 149 163 190
h 149 173 161
h 149 189 46
h 149 195 157
h 150 7 147
h 150 33 7
h 150 41 29
h 150 47 43
h 150 56 107
h 150 63 196
h 150 72 43
h 150 91 185
h 150 100 76
h 150 118 142
h 150 123 142
h 150 133 67
h 150 138 138
h 150 149 126
h 150 161 147
h 150 163 125
h 150 173 98
h 150 180 136
h 150 189 94
h 150 195 88
h 151 11 196
h 151 80 92
h 151 134 121
h 151 155 171
h 151 160 133
h 151 175 57
h 151 177 191
h 151 194 166
h 152 12 14
h 152 70 170
h 152 99 63
h 152 108 182
h 152 117 170
h 152 142 179
h 152 153 93
h 152 190 40
h 152 200 197
h 153 40 103
h 153 44 23
h 153 70 174
h 153 95 129
h 153 108 153
h 153 142 154
h 153 152 93
h 153 193 142
h 153 200 61
h 154 32 170
h 154 34 89
h 154 59 29
h 154 81 24
h 154 113 162
h 154 122 127
h 154 139 149
h 154 158 77
h 154 167 158
h 154 171 27
h 154 176 192
h 154 185 11
h 154 186 20
h 154 198 34
h 155 11 154
h 155 66 60
h 155 134 138
h 155 146 58
h 155 148 88
h 155 151 171
h 155 160 101
h 155 175 65
h 155 177 132
h 155 194 195
h 156 2 26
h 156 13 137
h 156 21 100
h 156 22 87
h 156 55 14
h 156 66 120
h 156 75 126
h 156 92 156
h 156 94 55
h 156 104 40
h 156 119 198
h 156 130 198
h 156 134 56
h 156 137 192
h 156 146 149
h 156 175 104
h 156 178 146
h 157 4 185
h 157 26 31
h 157 34 155
h 157 48 14
h 157 98 82
h 157 102 117
h 157 140 49
h 157 158 150
h 157 166 67
h 157 168 115
h 157 170 26
h 157 171 86
h 157 179 23
h 157 183 126
h 158 4 162
h 158 26 9
h 158 34 197
h 158 81 107
h 158 98 166
h 158 139 22
h 158 154 77
h 158 157 150
h 158 168 66
h 158 171 174
h 158 176 15
h 158 183 72
h 158 185 15
h 159 1 160
h 159 27 42
h 159 42 103
h 159 49 73
h 159 52 122
h 159 54 176
h 159 64 92
h 159 67 194
h 159 68 169
h 159 82 121
h 159 83 29
h 159 87 92
h 159 93 144
h 159 96 65
h 159 97 67
h 159 106 147
h 159 109 38
h 159 110 121
h 159 112 196
h 159 116 55
h 159 140 78
h 159 144 113
h 159 145 87
h 159 170 99
h 159 181 47
h 159 183 16
h 160 11 152
h 160 25 5
h 160 66 24
h 160 80 161
h 160 104 156
h 160 119 7
h 160 130 16
h 160 134 179
h 160 146 73
h 160 151 133
h 160 155 101
h 160 175 175
h 160 177 122
h 160 194 60
h 161 7 171
h 161 33 80
h 161 47 50
h 161 56 146
h 161 60 28
h 161 63 129
h 161 91 187
h 161 118 191
h 161 123 30
h 161 138 160
h 161 150 147
h 161 180 192
h 161 189 98
h 162 17 187
h 162 28 110
h 162 32 42
h 162 58 12
h 162 72 166
h 162 76 173
h 162 77 6
h 162 100 152
h 162 113 124
h 162 115 134
h 162 122 102
h 162 136 75
h 162 139 23
h 162 167 109
h 162 176 67
h 162 182 59
h 162 198 88
h 163 9 93
h 163 13 31
h 163 21 87
h 163 36 125
h 163 41 80
h 163 45 20
h 163 47 84
h 163 55 60
h 163 56 63
h 163 60 18
h 163 63 153
h 163 75 13
h 163 91 61
h 163 94 14
h 163 105 84
h 163 123 198
h 163 127 116
h 163 133 178
h 163 138 88
h 163 149 190
h 163 150 125
h 163 173 190
h 163 180 18
h 163 189 106
h 163 195 109
h 164 20 130
h 164 51 152
h 164 61 168
h 164 69 46
h 164 120 108
h 164 174 121
h 164 187 17
h 165 5 25
h 165 8 25
h 165 10 183
h 165 13 77
h 165 21 40
h 165 22 112
h 165 36 80
h 165 64 56
h 165 65 79
h 165 75 123
h 165 83 30
h 165 109 106
h 165 116 24
h 165 119 15
h 165 137 13
h 165 145 67
h 165 147 192
h 165 178 140
h 166 15 86
h 166 26 86
h 166 35 123
h 166 48 195
h 166 50 88
h 166 102 119
h 166 114 84
h 166 128 89
h 166 129 81
h 166 131 139
h 166 157 67
h 166 168 137
h 166 179 127
h 166 191 44
h 167 16 76
h 167 17 32
h 167 32 190
h 167 53 36
h 167 57 26
h 167 76 135
h 167 100 21
h 167 113 197
h 167 115 45
h 167 122 114
h 167 125 98
h 167 136 132
h 167 139 92
h 167 154 158
h 167 162 109
h 167 176 178
h 167 186 65
h 167 198 154
h 168 4 39
h 168 26 183
h 168 34 98
h 168 35 174
h 168 48 102
h 168 50 117
h 168 102 24
h 168 107 94
h 168 157 115
h 168 158 66
h 168 166 137
h 168 186 7
h 168 192 17
h 169 19 73
h 169 38 12
h 169 40 94
h 169 79 53
h 169 84 137
h 169 95 17
h 169 99 171
h 169 111 134
h 169 142 54
h 169 172 99
h 169 184 60
h 169 196 25
h 170 4 91
h 170 30 73
h 170 42 114
h 170 67 58
h 170 68 129
h 170 93 192
h 170 96 139
h 170 97 188
h 170 98 11
h 170 112 102
h 170 126 137
h 170 140 198
h 170 144 68
h 170 157 26
h 170 159 99
h 170 181 86
h 170 183 177
h 170 188 105
h 170 199 159
h 171 3 112
h 171 4 138
h 171 34 156
h 171 45 26
h 171 59 79
h 171 65 24
h 171 68 25
h 171 81 171
h 171 83 56
h 171 98 199
h 171 139 41
h 171 154 27
h 171 157 86
h 171 158 174
h 171 183 82
h 171 185 101
h 172 19 113
h 172 38 116
h 172 43 94
h 172 62 160
h 172 78 147
h 172 84 182
h 172 99 15
h 172 111 91
h 172 121 61
h 172 143 109
h 172 169 99
h 172 184 171
h 172 196 187
h 173 9 25
h 173 13 73
h 173 21 123
h 173 33 47
h 173 36 110
h 173 47 134
h 173 55 124
h 173 56 97
h 173 60 83
h 173 63 131
h 173 75 46
h 173 91 45
h 173 94 89
h 173 105 14
h 173 123 190
h 173 127 163
h 173 133 197
h 173 138 111
h 173 149 161
h 173 150 98
h 173 163 190
h 173 180 33
h 173 189 143
h 173 195 39
h 174 15 72
h 174 20 95
h 174 51 178
h 174 61 166
h 174 69 158
h 174 88 71
h 174 120 198
h 174 128 8
h 174 129 45
h 174 131 81
h 174 132 43
h 174 164 121
h 174 187 172
h 175 5 7
h 175 11 76
h 175 22 67
h 175 25 28
h 175 66 103
h 175 80 90
h 175 92 9
h 175 104 166
h 175 119 119
h 175 130 125
h 175 134 185
h 175 137 43
h 175 146 145
h 175 151 57
h 175 155 65
h 175 156 104
h 175 160 175
h 175 177 24
h 175 178 51
h 175 194 11
h 176 32 174
h 176 34 26
h 176 41 12
h 176 59 32
h 176 76 61
h 176 100 34
h 176 113 185
h 176 122 157
h 176 136 36
h 176 139 160
h 176 154 192
h 176 158 15
h 176 162 67
h 176 167 178
h 176 185 6
h 176 198 71
h 177 11 194
h 177 80 117
h 177 134 85
h 177 151 191
h 177 155 132
h 177 160 122
h 177 175 24
h 177 194 127
h 178 5 89
h 178 10 59
h 178 13 120
h 178 21 70
h 178 22 178
h 178 25 62
h 178 75 142
h 178 92 14
h 178 104 69
h 178 119 158
h 178 130 139
h 178 137 135
h 178 146 16
h 178 147 119
h 178 156 146
h 178 165 140
h 178 175 51
h 179 6 113
h 179 15 13
h 179 48 131
h 179 69 59
h 179 88 125
h 179 102 178
h 179 120 26
h 179 128 196
h 179 131 182
h 179 157 23
h 179 166 127
h 179 187 114
h 180 7 134
h 180 33 133
h 180 47 106
h 180 56 178
h 180 60 93
h 180 63 125
h 180 91 174
h 180 118 166
h 180 123 52
h 180 133 11
h 180 138 184
h 180 150 136
h 180 161 192
h 180 163 18
h 180 173 33
h 180 189 142
h 181 24 15
h 181 30 190
h 181 37 101
h 181 42 193
h 181 49 168
h 181 52 43
h 181 54 14
h 181 74 42
h 181 87 138
h 181 93 86
h 181 96 190
h 181 97 135
h 181 112 87
h 181 121 154
h 181 124 5
h 181 126 167
h 181 140 76
h 181 143 33
h 181 144 180
h 181 159 47
h 181 170 86
h 181 184 22
h 181 188 147
h 181 197 149
h 181 199 145
h 182 17 62
h 182 28 190
h 182 58 109
h 182 72 53
h 182 76 84
h 182 77 195
h 182 90 125
h 182 115 154
h 182 141 102
h 182 162 59
h 183 4 167
h 183 34 53
h 183 42 6
h 183 68 97
h 183 93 157
h 183 96 53
h 183 97 148
h 183 98 94
h 183 102 54
h 183 112 7
h 183 126 73
h 183 140 183
h 183 157 126
h 183 158 72
h 183 159 16
h 183 170 177
h 183 171 82
h 183 188 44
h 183 199 113
h 184 43 120
h 184 49 109
h 184 52 25
h 184 62 114
h 184 78 108
h 184 84 117
h 184 87 104
h 184 99 22
h 184 111 135
h 184 121 157
h 184 143 147
h 184 144 52
h 184 169 60
h 184 172 171
h 184 181 22
h 184 196 145
h 185 3 145
h 185 9 156
h 185 36 30
h 185 41 136
h 185 45 189
h 185 59 197
h 185 65 90
h 185 81 178
h 185 83 70
h 185 98 97
h 185 105 162
h 185 122 85
h 185 139 135
h 185 154 11
h 185 158 15
h 185 171 101
h 185 176 6
h 185 195 89
h 186 16 188
h 186 26 101
h 186 29 126
h 186 32 114
h 186 35 65
h 186 50 55
h 186 53 198
h 186 57 59
h 186 86 169
h 186 107 157
h 186 113 28
h 186 125 167
h 186 136 78
h 186 154 20
h 186 167 65
h 186 168 7
h 186 192 136
h 186 198 90
h 187 6 110
h 187 15 62
h 187 48 34
h 187 51 145
h 187 61 78
h 187 69 183
h 187 88 155
h 187 102 8
h 187 120 182
h 187 128 123
h 187 129 31
h 187 131 152
h 187 164 17
h 187 174 172
h 187 179 114
h 188 6 35
h 188 24 21
h 188 30 176
h 188 37 114
h 188 42 127
h 188 49 34
h 188 74 81
h 188 85 18
h 188 89 7
h 188 93 69
h 188 96 169
h 188 97 160
h 188 102 12
h 188 121 23
h 188 124 99
h 188 126 194
h 188 140 110
h 188 144 72
h 188 170 105
h 188 181 147
h 188 183 44
h 188 197 161
h 188 199 188
h 189 21 6
h 189 31 36
h 189 33 175
h 189 46 70
h 189 47 194
h 189 55 133
h 189 56 189
h 189 60 180
h 189 63 112
h 189 91 98
h 189 94 96
h 189 118 35
h 189 123 125
h 189 127 157
h 189 133 142
h 189 138 185
h 189 149 46
h 189 150 94
h 189 161 98
h 189 163 106
h 189 173 143
h 189 180 142
h 190 1 64
h 190 8 125
h 190 12 112
h 190 14 17
h 190 18 156
h 190 27 140
h 190 52 13
h 190 54 14
h 190 71 23
h 190 73 142
h 190 82 80
h 190 99 20
h 190 106 52
h 190 110 110
h 190 116 97
h 190 117 135
h 190 135 142
h 190 152 40
h 190 200 69
h 191 15 142
h 191 29 25
h 191 35 64
h 191 48 74
h 191 50 128
h 191 107 19
h 191 114 196
h 191 129 159
h 191 132 134
h 191 166 44
h 191 192 42
h 192 16 97
h 192 26 104
h 192 29 196
h 192 35 120
h 192 50 157
h 192 53 152
h 192 86 162
h 192 107 187
h 192 114 27
h 192 125 40
h 192 168 17
h 192 186 136
h 192 191 42
h 193 23 92
h 193 40 183
h 193 44 166
h 193 70 65
h 193 79 92
h 193 95 199
h 193 108 17
h 193 142 72
h 193 153 142
h 194 11 142
h 194 66 18
h 194 134 100
h 194 146 9
h 194 148 101
h 194 151 166
h 194 155 195
h 194 160 60
h 194 175 11
h 194 177 127
h 195 9 176
h 195 17 24
h 195 36 45
h 195 41 193
h 195 45 137
h 195 59 118
h 195 63 102
h 195 72 25
h 195 100 138
h 195 105 173
h 195 122 129
h 195 123 102
h 195 139 105
h 195 149 157
h 195 150 88
h 195 163 109
h 195 173 39
h 195 185 89
h 196 19 112
h 196 38 136
h 196 43 125
h 196 62 192
h 196 78 184
h 196 84 163
h 196 111 10
h 196 121 27
h 196 143 126
h 196 169 25
h 196 172 187
h 196 184 145
h 197 24 144
h 197 30 180
h 197 37 189
h 197 42 108
h 197 43 53
h 197 49 65
h 197 74 168
h 197 85 128
h 197 89 46
h 197 96 135
h 197 97 66
h 197 121 100
h 197 124 151
h 197 126 148
h 197 143 73
h 197 144 71
h 197 181 149
h 197 188 161
h 197 199 116
h 198 16 134
h 198 28 57
h 198 32 140
h 198 53 70
h 198 57 157
h 198 76 164
h 198 86 21
h 198 113 137
h 198 115 132
h 198 125 166
h 198 136 197
h 198 154 34
h 198 162 88
h 198 167 154
h 198 176 71
h 198 186 90
h 199 30 159
h 199 37 47
h 199 42 141
h 199 49 39
h 199 93 133
h 199 96 178
h 199 97 191
h 199 102 30
h 199 112 29
h 199 124 21
h 199 126 195
h 199 140 162
h 199 144 88
h 199 170 159
h 199 181 145
h 199 183 113
h 199 188 188
h 199 197 116
h 200 12 54
h 200 18 20
h 200 70 153
h 200 99 51
h 200 103 18
h 200 108 172
h 200 117 184
h 200 142 163
h 200 152 197
h 200 153 61
h 200 190 69
