h 200 25 251.756
r 1 234.946987
r 2 236.349645
r 3 234.138221
r 4 247.064570
r 5 249.397261
r 6 251.755838
r 7 241.303026
r 8 242.728104
r 9 237.125686
r 10 238.267676
r 11 246.482080
r 12 231.881934
r 13 247.194120
r 14 230.610287
r 15 246.502907
r 16 246.125857
r 17 232.301051
r 18 251.280163
r 19 238.423294
r 20 231.179503
r 21 242.853845
r 22 230.914539
r 23 241.118069
r 24 239.693766
r 25 241.007195
t 1 6.064208
t 2 39.051830
t 3 24.423211
t 4 38.859977
t 5 29.003424
t 6 21.497098
t 7 14.040519
t 8 18.242239
t 9 26.215325
t 10 24.842294
t 11 36.347462
t 12 14.331416
t 13 32.572945
t 14 29.687092
t 15 10.502677
t 16 41.557405
t 17 10.712155
t 18 10.339777
t 19 10.336858
t 20 38.824320
t 21 7.636693
t 22 7.934222
t 23 5.260590
t 24 26.446882
t 25 26.347257
t 26 29.616826
t 27 16.565674
t 28 41.542205
t 29 15.941355
t 30 38.255874
t 31 13.833383
t 32 31.757939
t 33 9.300658
t 34 7.862666
t 35 8.395859
t 36 36.059260
t 37 13.130032
t 38 20.515105
t 39 19.974378
t 40 6.598475
t 41 10.390934
t 42 6.231793
t 43 23.142159
t 44 43.254449
t 45 43.343657
t 46 16.288225
t 47 45.482761
t 48 31.620357
t 49 29.034895
t 50 24.864885
t 51 19.363719
t 52 39.754236
t 53 48.547744
t 54 28.402174
t 55 33.534242
t 56 5.196417
t 57 46.574295
t 58 10.545400
t 59 35.634628
t 60 39.312588
t 61 38.486065
t 62 14.171060
t 63 49.732161
t 64 6.420181
t 65 19.453585
t 66 44.567122
t 67 48.250003
t 68 29.851230
t 69 46.512375
t 70 18.030966
t 71 13.043796
t 72 22.582655
t 73 30.187510
t 74 21.904385
t 75 43.540350
t 76 13.128023
t 77 28.216791
t 78 20.264573
t 79 49.068084
t 80 10.138807
t 81 28.493213
t 82 39.492841
t 83 39.657539
t 84 37.795337
t 85 35.563625
t 86 9.421626
t 87 34.538901
t 88 16.771493
t 89 39.493728
t 90 5.735457
t 91 9.265873
t 92 29.743961
t 93 27.656644
t 94 7.789847
t 95 44.617711
t 96 49.332897
t 97 35.976905
t 98 18.433885
t 99 15.563980
t 100 49.262064
t 101 33.289707
t 102 15.805962
t 103 20.424766
t 104 12.275137
t 105 22.696457
t 106 38.268949
t 107 46.427519
t 108 9.686514
t 109 16.539207
t 110 40.949460
t 111 35.239063
t 112 32.978680
t 113 12.944061
t 114 42.529747
t 115 10.090994
t 116 31.778715
t 117 27.558530
t 118 34.639420
t 119 5.487119
t 120 32.959635
t 121 39.086973
t 122 49.174300
t 123 45.425134
t 124 21.706972
t 125 38.730825
t 126 38.166347
t 127 47.702500
t 128 38.173763
t 129 48.183724
t 130 45.736871
t 131 29.955299
t 132 24.978492
t 133 19.147878
t 134 21.791973
t 135 38.993937
t 136 26.084889
t 137 49.472285
t 138 22.689533
t 139 26.805098
t 140 11.181590
t 141 33.633127
t 142 47.175940
t 143 9.968527
t 144 32.319255
t 145 25.658716
t 146 49.683320
t 147 38.888327
t 148 7.752605
t 149 32.412966
t 150 42.443497
t 151 6.807981
t 152 8.319225
t 153 23.272970
t 154 31.046438
t 155 37.334135
t 156 49.383350
t 157 10.154881
t 158 12.853304
t 159 42.579210
t 160 5.053150
t 161 35.570449
t 162 48.154907
t 163 26.683871
t 164 27.356258
t 165 43.844584
t 166 26.124579
t 167 21.257200
t 168 41.119597
t 169 44.538861
t 170 23.683985
t 171 11.149817
t 172 40.902354
t 173 11.943591
t 174 37.066088
t 175 10.740447
t 176 20.310994
t 177 44.008980
t 178 46.309952
t 179 8.231723
t 180 45.459286
t 181 9.842864
t 182 38.496560
t 183 20.021534
t 184 37.632301
t 185 43.969795
t 186 28.970915
t 187 47.075478
t 188 40.527945
t 189 35.388101
t 190 8.449368
t 191 15.436192
t 192 9.738878
t 193 17.758868
t 194 8.587265
t 195 24.945110
t 196 23.175015
t 197 33.897565
t 198 6.768392
t 199 46.318493
t 200 31.926034
h 1 18 138
h 1 25 182
h 1 46 35
h 1 49 115
h 1 64 16
h 1 68 48
h 1 73 198
h 1 81 102
h 1 86 138
h 1 91 18
h 1 98 174
h 1 113 42
h 1 116 177
h 1 132 140
h 1 133 143
h 1 157 48
h 1 176 17
h 1 178 174
h 2 7 68
h 2 22 62
h 2 26 177
h 2 93 129
h 2 100 178
h 2 127 39
h 2 145 162
h 2 168 140
h 2 199 145
h 3 28 171
h 3 34 7
h 3 51 21
h 3 54 41
h 3 77 102
h 3 83 199
h 3 103 156
h 3 111 92
h 3 117 132
h 3 159 60
h 3 161 172
h 3 163 116
h 3 186 100
h 3 187 131
h 3 200 28
h 4 9 33
h 4 34 60
h 4 35 187
h 4 36 156
h 4 37 7
h 4 52 117
h 4 65 117
h 4 77 61
h 4 94 197
h 4 104 22
h 4 108 144
h 4 112 199
h 4 130 52
h 4 137 77
h 4 152 190
h 4 160 191
h 4 193 192
h 4 200 136
h 5 13 81
h 5 15 192
h 5 19 144
h 5 27 159
h 5 29 126
h 5 32 141
h 5 33 176
h 5 44 153
h 5 58 187
h 5 99 73
h 5 109 123
h 5 118 32
h 5 135 196
h 5 169 64
h 5 172 9
h 5 177 177
h 5 179 130
h 5 192 170
h 6 8 54
h 6 12 191
h 6 20 157
h 6 30 50
h 6 38 89
h 6 41 192
h 6 69 198
h 6 75 150
h 6 97 14
h 6 122 29
h 6 185 194
h 7 2 68
h 7 22 182
h 7 50 122
h 7 82 149
h 7 100 60
h 7 106 41
h 7 127 20
h 7 140 36
h 7 142 8
h 7 156 54
h 7 190 29
h 7 198 150
h 7 199 114
h 8 6 54
h 8 10 63
h 8 12 116
h 8 17 145
h 8 20 13
h 8 30 185
h 8 38 141
h 8 41 46
h 8 69 77
h 8 75 128
h 8 96 42
h 8 122 75
h 8 143 16
h 8 148 100
h 8 158 102
h 8 185 33
h 9 4 33
h 9 34 174
h 9 37 191
h 9 53 38
h 9 54 137
h 9 57 11
h 9 65 162
h 9 77 96
h 9 88 128
h 9 92 195
h 9 94 73
h 9 108 170
h 9 112 25
h 9 120 72
h 9 126 163
h 9 137 182
h 9 146 36
h 9 154 61
h 9 159 145
h 9 160 75
h 9 165 23
h 9 184 8
h 9 193 78
h 9 196 35
h 9 197 121
h 9 200 85
h 10 8 63
h 10 17 175
h 10 21 105
h 10 30 118
h 10 37 27
h 10 57 134
h 10 90 27
h 10 96 88
h 10 104 45
h 10 122 94
h 10 126 98
h 10 137 21
h 10 143 93
h 10 146 122
h 10 158 162
h 10 184 171
h 10 196 188
h 10 197 138
h 11 21 7
h 11 24 43
h 11 39 192
h 11 48 42
h 11 57 18
h 11 72 95
h 11 88 77
h 11 89 177
h 11 106 17
h 11 115 47
h 11 134 172
h 11 140 110
h 11 142 130
h 11 146 34
h 11 151 172
h 11 154 138
h 11 165 163
h 11 171 82
h 11 173 90
h 11 181 99
h 11 182 83
h 11 190 92
h 12 6 191
h 12 8 116
h 12 20 150
h 12 30 110
h 12 38 127
h 12 41 184
h 12 69 195
h 12 75 172
h 12 104 15
h 12 122 68
h 12 185 182
h 13 5 81
h 13 15 134
h 13 27 178
h 13 31 137
h 13 33 162
h 13 44 143
h 13 56 89
h 13 58 110
h 13 71 103
h 13 99 182
h 13 118 92
h 13 129 137
h 13 135 115
h 13 138 77
h 13 172 45
h 13 177 50
h 13 195 58
h 14 19 87
h 14 32 69
h 14 44 70
h 14 61 131
h 14 71 12
h 14 84 168
h 14 87 183
h 14 121 169
h 14 130 101
h 14 131 197
h 14 139 15
h 14 169 176
h 14 172 155
h 14 177 79
h 14 179 70
h 14 189 17
h 15 5 192
h 15 13 134
h 15 19 115
h 15 27 186
h 15 29 74
h 15 32 107
h 15 33 195
h 15 44 173
h 15 58 190
h 15 99 123
h 15 109 68
h 15 118 69
h 15 135 198
h 15 169 50
h 15 172 41
h 15 177 168
h 15 179 93
h 15 192 132
h 16 61 7
h 16 67 194
h 16 79 56
h 16 102 199
h 16 105 174
h 16 119 193
h 16 123 173
h 16 128 126
h 16 139 47
h 16 170 142
h 17 8 145
h 17 10 175
h 17 21 52
h 17 30 164
h 17 57 50
h 17 75 48
h 17 90 69
h 17 96 136
h 17 104 7
h 17 122 81
h 17 143 130
h 17 146 27
h 17 148 64
h 17 158 187
h 17 184 107
h 17 196 130
h 17 197 36
h 18 1 138
h 18 25 186
h 18 46 12
h 18 49 145
h 18 51 32
h 18 55 86
h 18 64 114
h 18 68 113
h 18 73 117
h 18 81 24
h 18 86 44
h 18 98 83
h 18 113 152
h 18 116 188
h 18 125 143
h 18 132 105
h 18 133 194
h 18 144 62
h 18 157 124
h 18 175 25
h 18 176 127
h 18 178 88
h 19 5 144
h 19 14 87
h 19 15 115
h 19 27 44
h 19 29 172
h 19 32 199
h 19 33 89
h 19 42 91
h 19 44 118
h 19 58 79
h 19 84 7
h 19 87 98
h 19 109 122
h 19 121 76
h 19 131 77
h 19 135 117
h 19 169 166
h 19 172 49
h 19 177 184
h 19 179 197
h 19 189 90
h 19 192 148
h 19 194 41
h 20 6 157
h 20 8 13
h 20 12 150
h 20 30 59
h 20 41 186
h 20 69 146
h 20 75 171
h 20 76 37
h 20 97 112
h 20 104 116
h 20 122 122
h 20 185 180
h 21 10 105
h 21 11 7
h 21 17 52
h 21 39 58
h 21 57 176
h 21 62 132
h 21 66 49
h 21 88 45
h 21 89 103
h 21 90 102
h 21 96 91
h 21 126 6
h 21 134 123
h 21 141 13
h 21 143 116
h 21 146 165
h 21 147 30
h 21 154 74
h 21 158 103
h 21 165 46
h 21 173 54
h 21 180 98
h 21 181 120
h 21 184 164
h 21 196 111
h 21 197 90
h 22 2 62
h 22 7 182
h 22 50 31
h 22 82 184
h 22 100 92
h 22 106 58
h 22 140 8
h 22 198 80
h 22 199 153
h 23 43 73
h 23 50 160
h 23 59 112
h 23 78 12
h 23 114 150
h 23 127 177
h 23 136 38
h 23 155 124
h 23 156 104
h 23 162 73
h 23 164 43
h 23 167 73
h 23 174 21
h 23 198 93
h 24 11 43
h 24 72 194
h 24 82 9
h 24 106 167
h 24 115 168
h 24 124 192
h 24 140 125
h 24 141 46
h 24 142 39
h 24 151 145
h 24 173 147
h 24 180 62
h 24 181 93
h 24 182 185
h 25 1 182
h 25 18 186
h 25 46 32
h 25 49 143
h 25 64 88
h 25 68 103
h 25 73 170
h 25 81 80
h 25 86 107
h 25 98 143
h 25 113 119
h 25 116 199
h 25 125 78
h 25 132 133
h 25 133 185
h 25 144 43
h 25 157 108
h 25 176 95
h 25 178 141
h 26 2 177
h 26 93 118
h 26 100 174
h 26 145 157
h 26 168 171
h 26 199 119
h 27 5 159
h 27 13 178
h 27 15 186
h 27 19 44
h 27 31 64
h 27 32 30
h 27 33 196
h 27 44 168
h 27 56 53
h 27 58 175
h 27 71 41
h 27 99 171
h 27 118 111
h 27 129 65
h 27 135 178
h 27 138 7
h 27 172 39
h 27 177 124
h 27 179 12
h 27 192 62
h 28 3 171
h 28 31 57
h 28 36 51
h 28 71 89
h 28 77 106
h 28 83 177
h 28 103 183
h 28 111 174
h 28 117 21
h 28 130 68
h 28 161 94
h 28 163 9
h 28 186 101
h 28 187 29
h 28 195 42
h 28 200 70
h 29 5 126
h 29 15 74
h 29 19 172
h 29 32 181
h 29 33 29
h 29 42 155
h 29 44 28
h 29 58 65
h 29 109 182
h 29 135 90
h 29 169 82
h 29 177 139
h 29 179 181
h 29 189 82
h 29 192 179
h 29 194 83
h 30 6 50
h 30 8 185
h 30 10 118
h 30 12 110
h 30 17 164
h 30 20 59
h 30 38 79
h 30 41 63
h 30 69 67
h 30 75 156
h 30 96 27
h 30 104 82
h 30 122 143
h 30 143 8
h 30 148 30
h 30 158 114
h 30 185 46
h 30 196 60
h 31 13 137
h 31 27 64
h 31 28 57
h 31 33 50
h 31 44 87
h 31 71 188
h 31 99 64
h 31 111 108
h 31 129 73
h 31 172 100
h 31 186 97
h 31 195 155
h 32 5 141
h 32 14 69
h 32 15 107
h 32 19 199
h 32 27 30
h 32 29 181
h 32 33 77
h 32 42 109
h 32 44 102
h 32 58 75
h 32 87 86
h 32 109 136
h 32 121 65
h 32 131 60
h 32 135 111
h 32 139 7
h 32 169 156
h 32 172 23
h 32 177 178
h 32 179 199
h 32 189 98
h 32 192 156
h 32 194 58
h 33 5 176
h 33 13 162
h 33 15 195
h 33 19 89
h 33 27 196
h 33 29 29
h 33 31 50
h 33 32 77
h 33 44 182
h 33 58 179
h 33 71 40
h 33 99 146
h 33 109 16
h 33 118 78
h 33 129 18
h 33 135 189
h 33 169 40
h 33 172 65
h 33 177 155
h 33 179 62
h 33 192 94
h 34 3 7
h 34 4 60
h 34 9 174
h 34 36 81
h 34 37 136
h 34 53 54
h 34 54 168
h 34 65 192
h 34 77 173
h 34 83 17
h 34 88 46
h 34 92 149
h 34 94 92
h 34 103 79
h 34 108 165
h 34 112 60
h 34 120 92
h 34 126 79
h 34 137 135
h 34 159 183
h 34 160 114
h 34 187 57
h 34 193 80
h 34 197 6
h 34 200 155
h 35 4 187
h 35 36 111
h 35 52 164
h 35 65 44
h 35 94 176
h 35 104 54
h 35 108 93
h 35 112 185
h 35 130 12
h 35 137 25
h 35 152 199
h 35 160 159
h 35 193 177
h 35 200 70
h 36 4 156
h 36 28 51
h 36 34 81
h 36 35 111
h 36 52 28
h 36 65 128
h 36 77 136
h 36 94 151
h 36 103 121
h 36 108 101
h 36 111 81
h 36 112 164
h 36 130 155
h 36 152 113
h 36 159 9
h 36 160 176
h 36 193 124
h 36 200 181
h 37 4 7
h 37 9 191
h 37 10 27
h 37 34 136
h 37 54 90
h 37 57 76
h 37 65 124
h 37 77 30
h 37 88 144
h 37 92 198
h 37 94 50
h 37 108 154
h 37 120 26
h 37 126 190
h 37 137 190
h 37 146 94
h 37 154 85
h 37 159 95
h 37 160 40
h 37 165 43
h 37 184 78
h 37 193 66
h 37 196 102
h 37 197 164
h 37 200 27
h 38 6 89
h 38 8 141
h 38 12 127
h 38 30 79
h 38 41 43
h 38 69 113
h 38 75 58
h 38 148 67
h 38 185 44
h 39 11 192
h 39 21 58
h 39 48 46
h 39 53 5
h 39 57 81
h 39 72 50
h 39 88 128
h 39 89 195
h 39 115 19
h 39 134 189
h 39 140 50
h 39 142 79
h 39 146 96
h 39 151 141
h 39 154 173
h 39 165 187
h 39 171 73
h 39 173 74
h 39 181 101
h 39 182 49
h 39 184 13
h 39 190 37
h 39 197 5
h 40 46 62
h 40 70 23
h 40 91 112
h 40 107 137
h 40 132 6
h 40 149 181
h 40 150 185
h 40 153 11
h 40 191 129
h 41 6 192
h 41 8 46
h 41 12 184
h 41 20 186
h 41 30 63
h 41 38 43
h 41 69 186
h 41 75 169
h 41 97 67
h 41 104 51
h 41 122 78
h 41 185 199
h 42 19 91
h 42 29 155
h 42 32 109
h 42 79 18
h 42 109 128
h 42 139 36
h 42 177 6
h 42 179 118
h 42 189 131
h 42 192 85
h 42 194 169
h 43 23 73
h 43 45 182
h 43 47 186
h 43 48 52
h 43 50 53
h 43 60 99
h 43 78 70
h 43 114 157
h 43 136 197
h 43 155 52
h 43 156 121
h 43 162 197
h 43 164 174
h 43 171 68
h 43 174 177
h 43 190 20
h 43 198 14
h 44 5 153
h 44 13 143
h 44 14 70
h 44 15 173
h 44 19 118
h 44 27 168
h 44 29 28
h 44 31 87
h 44 32 102
h 44 33 182
h 44 58 131
h 44 71 101
h 44 87 8
h 44 99 93
h 44 131 36
h 44 135 159
h 44 169 113
h 44 172 144
h 44 177 171
h 44 179 90
h 44 192 63
h 45 43 182
h 45 47 195
h 45 48 101
h 45 53 58
h 45 60 91
h 45 78 39
h 45 114 100
h 45 117 44
h 45 120 25
h 45 136 192
h 45 156 55
h 45 162 177
h 45 164 163
h 45 171 96
h 45 174 166
h 45 187 40
h 46 1 35
h 46 18 12
h 46 25 32
h 46 40 62
h 46 49 158
h 46 70 194
h 46 73 33
h 46 85 79
h 46 91 194
h 46 107 185
h 46 116 11
h 46 132 174
h 46 133 69
h 46 144 168
h 46 149 138
h 46 150 128
h 46 178 123
h 46 191 176
h 47 43 186
h 47 45 195
h 47 48 123
h 47 53 72
h 47 60 57
h 47 78 6
h 47 114 97
h 47 120 36
h 47 136 191
h 47 156 94
h 47 162 187
h 47 164 147
h 47 171 125
h 47 174 185
h 47 187 22
h 47 190 27
h 48 11 42
h 48 39 46
h 48 43 52
h 48 45 101
h 48 47 123
h 48 53 183
h 48 54 88
h 48 88 48
h 48 89 9
h 48 120 166
h 48 136 65
h 48 142 28
h 48 154 56
h 48 156 5
h 48 159 46
h 48 162 73
h 48 165 86
h 48 171 192
h 48 174 127
h 48 187 83
h 48 190 46
h 49 1 115
h 49 18 145
h 49 25 143
h 49 46 158
h 49 55 44
h 49 70 151
h 49 73 103
h 49 85 105
h 49 91 128
h 49 107 103
h 49 116 133
h 49 125 29
h 49 132 182
h 49 133 173
h 49 144 174
h 49 149 27
h 49 178 140
h 49 191 71
h 50 7 122
h 50 22 31
h 50 23 160
h 50 43 53
h 50 114 75
h 50 127 131
h 50 136 13
h 50 142 32
h 50 156 168
h 50 162 72
h 50 174 60
h 50 190 84
h 50 198 183
h 51 3 21
h 51 18 32
h 51 64 180
h 51 68 163
h 51 113 163
h 51 116 6
h 51 117 134
h 51 125 108
h 51 157 167
h 51 161 118
h 51 163 173
h 51 175 187
h 51 176 179
h 51 186 77
h 52 4 117
h 52 35 164
h 52 36 28
h 52 61 75
h 52 76 31
h 52 84 11
h 52 94 87
h 52 97 35
h 52 105 66
h 52 112 117
h 52 123 58
h 52 152 156
h 52 160 62
h 52 193 87
h 53 9 38
h 53 34 54
h 53 39 5
h 53 45 58
h 53 47 72
h 53 48 183
h 53 54 156
h 53 88 74
h 53 92 30
h 53 117 10
h 53 120 197
h 53 154 57
h 53 159 129
h 53 165 72
h 53 171 155
h 53 174 54
h 53 187 139
h 54 3 41
h 54 9 137
h 54 34 168
h 54 37 90
h 54 48 88
h 54 53 156
h 54 65 130
h 54 77 134
h 54 83 44
h 54 88 76
h 54 92 116
h 54 103 42
h 54 108 74
h 54 120 176
h 54 126 18
h 54 137 56
h 54 154 18
h 54 159 196
h 54 161 8
h 54 165 7
h 54 171 29
h 54 187 144
h 54 200 71
h 55 18 86
h 55 49 44
h 55 78 11
h 55 80 69
h 55 85 91
h 55 95 167
h 55 101 168
h 55 113 53
h 55 125 158
h 55 133 84
h 55 144 38
h 55 175 13
h 55 176 16
h 55 188 39
h 56 13 89
h 56 27 53
h 56 99 151
h 56 118 163
h 56 129 163
h 56 138 186
h 57 9 11
h 57 10 134
h 57 11 18
h 57 17 50
h 57 21 176
h 57 37 76
h 57 39 81
h 57 62 31
h 57 88 131
h 57 89 124
h 57 92 65
h 57 96 17
h 57 126 116
h 57 134 128
h 57 137 27
h 57 143 44
h 57 146 198
h 57 154 134
h 57 158 75
h 57 165 102
h 57 181 51
h 57 184 192
h 57 196 161
h 57 197 167
h 58 5 187
h 58 13 110
h 58 15 190
h 58 19 79
h 58 27 175
h 58 29 65
h 58 32 75
h 58 33 179
h 58 44 131
h 58 99 125
h 58 109 84
h 58 118 110
h 58 135 195
h 58 177 135
h 58 179 59
h 58 192 141
h 59 23 112
h 59 60 76
h 59 74 118
h 59 78 130
h 59 80 133
h 59 114 132
h 59 127 85
h 59 155 193
h 59 164 51
h 59 167 192
h 59 183 160
h 59 188 119
h 60 43 99
h 60 45 91
h 60 47 57
h 60 59 76
h 60 78 190
h 60 80 105
h 60 95 66
h 60 101 29
h 60 114 133
h 60 125 28
h 60 136 109
h 60 155 121
h 60 162 65
h 60 164 175
h 60 167 119
h 60 175 72
h 60 188 36
h 61 14 131
h 61 16 7
h 61 52 75
h 61 67 63
h 61 84 191
h 61 87 156
h 61 102 11
h 61 105 58
h 61 119 71
h 61 121 167
h 61 123 34
h 61 130 47
h 61 131 153
h 61 139 79
h 61 169 69
h 61 189 11
h 62 21 132
h 62 57 31
h 62 66 150
h 62 90 184
h 62 96 147
h 62 110 111
h 62 141 116
h 62 143 162
h 62 147 156
h 62 158 89
h 62 173 38
h 62 180 137
h 62 181 89
h 62 184 26
h 63 79 69
h 63 128 47
h 63 194 30
h 64 1 16
h 64 18 114
h 64 25 88
h 64 51 180
h 64 68 195
h 64 81 73
h 64 86 49
h 64 98 37
h 64 113 191
h 64 116 106
h 64 117 51
h 64 125 129
h 64 133 67
h 64 157 197
h 64 161 44
h 64 163 115
h 64 175 156
h 64 176 198
h 64 186 86
h 64 195 8
h 65 4 117
h 65 9 162
h 65 34 192
h 65 35 44
h 65 36 128
h 65 37 124
h 65 54 130
h 65 77 175
h 65 92 132
h 65 94 141
h 65 103 89
h 65 108 183
h 65 112 118
h 65 120 27
h 65 126 72
h 65 137 141
h 65 152 58
h 65 159 154
h 65 160 158
h 65 193 129
h 65 200 179
h 66 21 49
h 66 62 150
h 66 72 13
h 66 90 86
h 66 110 13
h 66 115 124
h 66 141 195
h 66 143 26
h 66 147 196
h 66 173 125
h 66 180 184
h 66 181 131
h 66 182 78
h 67 16 194
h 67 61 63
h 67 76 7
h 67 79 53
h 67 84 10
h 67 102 195
h 67 105 185
h 67 119 199
h 67 123 181
h 67 128 99
h 67 139 68
h 67 170 138
h 68 1 48
h 68 18 113
h 68 25 103
h 68 51 163
h 68 64 195
h 68 73 24
h 68 81 116
h 68 86 95
h 68 98 80
h 68 113 182
h 68 116 119
h 68 117 22
h 68 125 99
h 68 133 67
h 68 157 199
h 68 161 27
h 68 163 92
h 68 175 125
h 68 176 189
h 68 186 111
h 68 195 55
h 69 6 198
h 69 8 77
h 69 12 195
h 69 20 146
h 69 30 67
h 69 38 113
h 69 41 186
h 69 75 151
h 69 122 28
h 69 185 188
h 70 40 23
h 70 46 194
h 70 49 151
h 70 85 120
h 70 91 181
h 70 107 168
h 70 132 151
h 70 133 55
h 70 144 183
h 70 149 105
h 70 150 105
h 70 178 80
h 70 191 171
h 71 13 103
h 71 14 12
h 71 27 41
h 71 28 89
h 71 31 188
h 71 33 40
h 71 44 101
h 71 99 7
h 71 103 23
h 71 111 151
h 71 130 57
h 71 172 149
h 71 186 62
h 71 195 110
h 72 11 95
h 72 24 194
h 72 39 50
h 72 66 13
h 72 89 29
h 72 106 157
h 72 115 174
h 72 124 177
h 72 134 52
h 72 140 139
h 72 141 51
h 72 142 71
h 72 151 172
h 72 173 166
h 72 180 84
h 72 181 126
h 72 182 192
h 72 190 9
h 73 1 198
h 73 18 117
h 73 25 170
h 73 46 33
h 73 49 103
h 73 68 24
h 73 81 100
h 73 86 138
h 73 91 21
h 73 98 175
h 73 107 5
h 73 113 12
h 73 116 164
h 73 132 137
h 73 133 125
h 73 157 22
h 73 178 178
h 74 59 118
h 74 78 54
h 74 80 169
h 74 95 110
h 74 101 108
h 74 155 86
h 74 167 134
h 74 183 190
h 74 188 192
h 75 6 150
h 75 8 128
h 75 12 172
h 75 17 48
h 75 20 171
h 75 30 156
h 75 38 58
h 75 41 169
h 75 69 151
h 75 104 128
h 75 122 161
h 75 185 158
h 76 20 37
h 76 52 31
h 76 67 7
h 76 97 188
h 76 105 91
h 76 123 107
h 77 3 102
h 77 4 61
h 77 9 96
h 77 28 106
h 77 34 173
h 77 36 136
h 77 37 30
h 77 54 134
h 77 65 175
h 77 83 111
h 77 92 49
h 77 94 81
h 77 103 166
h 77 108 120
h 77 111 57
h 77 112 67
h 77 120 37
h 77 130 38
h 77 137 43
h 77 159 160
h 77 160 121
h 77 161 5
h 77 187 76
h 77 193 52
h 77 200 183
h 78 23 12
h 78 43 70
h 78 45 39
h 78 47 6
h 78 55 11
h 78 59 130
h 78 60 190
h 78 74 54
h 78 80 149
h 78 95 97
h 78 101 65
h 78 114 142
h 78 136 74
h 78 155 159
h 78 162 34
h 78 164 155
h 78 167 163
h 78 175 8
h 78 183 75
h 78 188 98
h 79 16 56
h 79 42 18
h 79 63 69
h 79 67 53
h 79 102 57
h 79 119 58
h 79 121 14
h 79 128 145
h 79 139 171
h 79 170 180
h 79 189 142
h 79 194 135
h 80 55 69
h 80 59 133
h 80 60 105
h 80 74 169
h 80 78 149
h 80 95 165
h 80 101 153
h 80 114 30
h 80 155 129
h 80 164 11
h 80 167 166
h 80 183 162
h 80 188 190
h 81 1 102
h 81 18 24
h 81 25 80
h 81 64 73
h 81 68 116
h 81 73 100
h 81 86 194
h 81 98 173
h 81 113 43
h 81 116 89
h 81 129 96
h 81 138 67
h 81 157 102
h 81 176 52
h 81 186 98
h 81 195 134
h 82 7 149
h 82 22 184
h 82 24 9
h 82 100 12
h 82 106 124
h 82 124 70
h 82 140 58
h 82 198 44
h 82 199 104
h 83 3 199
h 83 28 177
h 83 34 17
h 83 54 44
h 83 77 111
h 83 103 164
h 83 111 103
h 83 117 122
h 83 159 64
h 83 161 165
h 83 163 103
h 83 186 96
h 83 187 126
h 83 200 43
h 84 14 168
h 84 19 7
h 84 52 11
h 84 61 191
h 84 67 10
h 84 87 185
h 84 119 20
h 84 121 189
h 84 130 62
h 84 131 183
h 84 139 92
h 84 169 127
h 84 172 53
h 84 189 51
h 85 46 79
h 85 49 105
h 85 55 91
h 85 70 120
h 85 91 26
h 85 95 21
h 85 101 54
h 85 132 32
h 85 133 41
h 85 144 168
h 85 191 6
h 86 1 138
h 86 18 44
h 86 25 107
h 86 64 49
h 86 68 95
h 86 73 138
h 86 81 194
h 86 98 191
h 86 113 30
h 86 116 111
h 86 129 88
h 86 133 19
h 86 138 78
h 86 157 82
h 86 176 31
h 86 178 46
h 86 186 44
h 86 195 91
h 87 14 183
h 87 19 98
h 87 32 86
h 87 44 8
h 87 61 156
h 87 84 185
h 87 121 197
h 87 130 26
h 87 131 192
h 87 139 108
h 87 169 175
h 87 172 88
h 87 177 59
h 87 179 92
h 87 189 102
h 88 9 128
h 88 11 77
h 88 21 45
h 88 34 46
h 88 37 144
h 88 39 128
h 88 48 48
h 88 53 74
h 88 54 76
h 88 57 131
h 88 89 144
h 88 92 153
h 88 108 10
h 88 120 83
h 88 126 133
h 88 134 124
h 88 137 89
h 88 146 149
h 88 154 188
h 88 159 54
h 88 165 174
h 88 171 31
h 88 184 98
h 88 196 68
h 88 197 145
h 89 11 177
h 89 21 103
h 89 39 195
h 89 48 9
h 89 57 124
h 89 72 29
h 89 88 144
h 89 115 19
h 89 134 197
h 89 142 28
h 89 146 134
h 89 151 118
h 89 154 182
h 89 165 186
h 89 171 31
h 89 173 79
h 89 180 23
h 89 181 116
h 89 182 39
h 89 184 67
h 89 197 53
h 90 10 27
h 90 17 69
h 90 21 102
h 90 62 184
h 90 66 86
h 90 96 185
h 90 110 153
h 90 141 35
h 90 143 190
h 90 147 103
h 90 148 66
h 90 158 136
h 90 180 60
h 90 184 21
h 91 1 18
h 91 40 112
h 91 46 194
h 91 49 128
h 91 70 181
h 91 73 21
h 91 85 26
h 91 107 197
h 91 132 162
h 91 133 23
h 91 144 137
h 91 149 169
h 91 150 162
h 91 178 121
h 91 191 188
h 92 9 195
h 92 34 149
h 92 37 198
h 92 53 30
h 92 54 116
h 92 57 65
h 92 65 132
h 92 77 49
h 92 88 153
h 92 94 39
h 92 108 151
h 92 120 60
h 92 126 180
h 92 137 183
h 92 146 86
h 92 154 97
h 92 159 118
h 92 160 35
h 92 165 60
h 92 184 61
h 92 193 51
h 92 196 80
h 92 197 153
h 92 200 36
h 93 2 129
h 93 26 118
h 93 100 43
h 93 127 57
h 93 145 193
h 93 168 172
h 94 4 197
h 94 9 73
h 94 34 92
h 94 35 176
h 94 36 151
h 94 37 50
h 94 52 87
h 94 65 141
h 94 77 81
h 94 92 39
h 94 104 35
h 94 108 166
h 94 112 195
h 94 126 21
h 94 130 30
h 94 137 110
h 94 152 182
h 94 160 194
h 94 193 196
h 94 200 146
h 95 55 167
h 95 60 66
h 95 74 110
h 95 78 97
h 95 80 165
h 95 85 21
h 95 101 197
h 95 125 86
h 95 155 10
h 95 167 69
h 95 183 72
h 95 188 151
h 96 8 42
h 96 10 88
h 96 17 136
h 96 21 91
h 96 30 27
h 96 57 17
h 96 62 147
h 96 90 185
h 96 110 132
h 96 143 198
h 96 147 17
h 96 148 116
h 96 158 177
h 96 184 52
h 96 196 24
h 97 6 14
h 97 20 112
h 97 41 67
h 97 52 35
h 97 76 188
h 97 105 27
h 97 123 44
h 97 185 67
h 98 1 174
h 98 18 83
h 98 25 143
h 98 64 37
h 98 68 80
h 98 73 175
h 98 81 173
h 98 86 191
h 98 113 34
h 98 116 143
h 98 129 38
h 98 132 37
h 98 133 70
h 98 138 45
h 98 157 71
h 98 176 25
h 98 178 110
h 98 195 23
h 99 5 73
h 99 13 182
h 99 15 123
h 99 27 171
h 99 31 64
h 99 33 146
h 99 44 93
h 99 56 151
h 99 58 125
h 99 71 7
h 99 118 160
h 99 129 153
h 99 135 112
h 99 138 126
h 100 2 178
h 100 7 60
h 100 22 92
h 100 26 174
h 100 82 12
h 100 93 43
h 100 145 99
h 100 168 97
h 100 199 184
h 101 55 168
h 101 60 29
h 101 74 108
h 101 78 65
h 101 80 153
h 101 85 54
h 101 95 197
h 101 125 73
h 101 167 42
h 101 183 62
h 101 188 146
h 102 16 199
h 102 61 11
h 102 67 195
h 102 79 57
h 102 105 175
h 102 119 194
h 102 123 173
h 102 128 125
h 102 139 50
h 102 170 143
h 103 3 156
h 103 28 183
h 103 34 79
h 103 36 121
h 103 54 42
h 103 65 89
h 103 71 23
h 103 77 166
h 103 83 164
h 103 111 157
h 103 130 96
h 103 159 78
h 103 160 49
h 103 161 62
h 103 186 8
h 103 187 51
h 103 200 145
h 104 4 22
h 104 10 45
h 104 12 15
h 104 17 7
h 104 20 116
h 104 30 82
h 104 35 54
h 104 41 51
h 104 75 128
h 104 94 35
h 104 108 17
h 104 122 188
h 104 126 41
h 104 137 54
h 104 152 64
h 104 185 28
h 104 193 76
h 104 196 46
h 105 16 174
h 105 52 66
h 105 61 58
h 105 67 185
h 105 76 91
h 105 97 27
h 105 102 175
h 105 119 184
h 105 123 199
h 105 128 15
h 105 170 64
h 106 7 41
h 106 11 17
h 106 22 58
h 106 24 167
h 106 72 157
h 106 82 124
h 106 115 73
h 106 124 182
h 106 140 170
h 106 142 103
h 106 151 125
h 106 173 47
h 106 182 117
h 106 190 64
h 106 198 16
h 107 40 137
h 107 46 185
h 107 49 103
h 107 70 168
h 107 73 5
h 107 91 197
h 107 132 148
h 107 144 112
h 107 149 182
h 107 150 177
h 107 178 112
h 107 191 191
h 108 4 144
h 108 9 170
h 108 34 165
h 108 35 93
h 108 36 101
h 108 37 154
h 108 54 74
h 108 65 183
h 108 77 120
h 108 88 10
h 108 92 151
h 108 94 166
h 108 104 17
h 108 112 139
h 108 126 126
h 108 137 179
h 108 152 107
h 108 159 101
h 108 160 165
h 108 193 167
h 108 197 55
h 108 200 146
h 109 5 123
h 109 15 68
h 109 19 122
h 109 29 182
h 109 32 136
h 109 33 16
h 109 42 128
h 109 58 84
h 109 135 91
h 109 177 98
h 109 179 133
h 109 192 189
h 109 194 14
h 110 62 111
h 110 66 13
h 110 90 153
h 110 96 132
h 110 143 125
h 110 147 54
h 110 148 108
h 110 158 35
h 110 166 123
h 111 3 92
h 111 28 174
h 111 31 108
h 111 36 81
h 111 71 151
h 111 77 57
h 111 83 103
h 111 103 157
h 111 130 142
h 111 172 104
h 111 186 50
h 111 195 34
h 111 200 56
h 112 4 199
h 112 9 25
h 112 34 60
h 112 35 185
h 112 36 164
h 112 52 117
h 112 65 118
h 112 77 67
h 112 94 195
h 112 108 139
h 112 130 68
h 112 137 66
h 112 152 187
h 112 160 192
h 112 193 188
h 112 200 142
h 113 1 42
h 113 18 152
h 113 25 119
h 113 51 163
h 113 55 53
h 113 64 191
h 113 68 182
h 113 73 12
h 113 81 43
h 113 86 30
h 113 98 34
h 113 116 133
h 113 125 166
h 113 133 116
h 113 157 189
h 113 163 73
h 113 175 153
h 113 176 196
h 113 186 19
h 114 23 150
h 114 43 157
h 114 45 100
h 114 47 97
h 114 50 75
h 114 59 132
h 114 60 133
h 114 78 142
h 114 80 30
h 114 127 69
h 114 136 145
h 114 155 166
h 114 156 76
h 114 162 144
h 114 164 168
h 114 167 132
h 114 174 87
h 115 11 47
h 115 24 168
h 115 39 19
h 115 66 124
h 115 72 174
h 115 89 19
h 115 106 73
h 115 124 133
h 115 134 54
h 115 140 39
h 115 141 148
h 115 147 88
h 115 151 126
h 115 173 193
h 115 180 162
h 115 181 168
h 115 182 194
h 116 1 177
h 116 18 188
h 116 25 199
h 116 46 11
h 116 49 133
h 116 51 6
h 116 64 106
h 116 68 119
h 116 73 164
h 116 81 89
h 116 86 111
h 116 98 143
h 116 113 133
h 116 125 90
h 116 132 118
h 116 133 183
h 116 144 28
h 116 157 124
h 116 176 111
h 116 178 128
h 117 3 132
h 117 28 21
h 117 45 44
h 117 51 134
h 117 53 10
h 117 64 51
h 117 68 22
h 117 83 122
h 117 120 14
h 117 157 22
h 117 161 190
h 117 163 191
h 117 175 121
h 117 176 41
h 117 186 36
h 117 187 151
h 118 5 32
h 118 13 92
h 118 15 69
h 118 27 111
h 118 33 78
h 118 56 163
h 118 58 110
h 118 99 160
h 118 129 90
h 118 135 72
h 118 138 107
h 119 16 193
h 119 61 71
h 119 67 199
h 119 79 58
h 119 84 20
h 119 102 194
h 119 105 184
h 119 123 179
h 119 128 98
h 119 139 75
h 119 170 140
h 120 9 72
h 120 34 92
h 120 37 26
h 120 45 25
h 120 47 36
h 120 48 166
h 120 53 197
h 120 54 176
h 120 65 27
h 120 77 37
h 120 88 83
h 120 92 60
h 120 117 14
h 120 154 55
h 120 159 155
h 120 165 63
h 120 171 131
h 120 174 11
h 120 187 149
h 121 14 169
h 121 19 76
h 121 32 65
h 121 61 167
h 121 79 14
h 121 84 189
h 121 87 197
h 121 131 183
h 121 139 131
h 121 169 159
h 121 170 10
h 121 172 52
h 121 177 26
h 121 179 74
h 121 189 114
h 121 194 6
h 122 6 29
h 122 8 75
h 122 10 94
h 122 12 68
h 122 17 81
h 122 20 122
h 122 30 143
h 122 41 78
h 122 69 28
h 122 75 161
h 122 104 188
h 122 126 28
h 122 137 16
h 122 185 57
h 122 196 77
h 122 197 13
h 123 16 173
h 123 52 58
h 123 61 34
h 123 67 181
h 123 76 107
h 123 97 44
h 123 102 173
h 123 105 199
h 123 119 179
h 123 128 11
h 123 170 52
h 124 24 192
h 124 72 177
h 124 82 70
h 124 106 182
h 124 115 133
h 124 140 125
h 124 142 31
h 124 151 115
h 124 173 101
h 124 181 31
h 124 182 157
h 125 18 143
h 125 25 78
h 125 49 29
h 125 51 108
h 125 55 158
h 125 60 28
h 125 64 129
h 125 68 99
h 125 95 86
h 125 101 73
h 125 113 166
h 125 116 90
h 125 133 119
h 125 157 117
h 125 175 137
h 125 176 149
h 126 9 163
h 126 10 98
h 126 21 6
h 126 34 79
h 126 37 190
h 126 54 18
h 126 57 116
h 126 65 72
h 126 88 133
h 126 92 180
h 126 94 21
h 126 104 41
h 126 108 126
h 126 122 28
h 126 137 183
h 126 146 128
h 126 154 79
h 126 159 22
h 126 165 30
h 126 184 129
h 126 193 48
h 126 196 153
h 126 197 188
h 127 2 39
h 127 7 20
h 127 23 177
h 127 50 131
h 127 59 85
h 127 93 57
h 127 114 69
h 127 145 44
h 127 155 75
h 127 156 24
h 127 167 26
h 127 198 53
h 128 16 126
h 128 63 47
h 128 67 99
h 128 79 145
h 128 102 125
h 128 105 15
h 128 119 98
h 128 123 11
h 128 139 69
h 128 170 174
h 129 13 137
h 129 27 65
h 129 31 73
h 129 33 18
h 129 56 163
h 129 81 96
h 129 86 88
h 129 98 38
h 129 99 153
h 129 118 90
h 129 138 184
h 129 195 93
h 130 4 52
h 130 14 101
h 130 28 68
h 130 35 12
h 130 36 155
h 130 61 47
h 130 71 57
h 130 77 38
h 130 84 62
h 130 87 26
h 130 94 30
h 130 103 96
h 130 111 142
h 130 112 68
h 130 131 90
h 130 152 5
h 130 160 72
h 130 172 113
h 130 200 94
h 131 14 197
h 131 19 77
h 131 32 60
h 131 44 36
h 131 61 153
h 131 84 183
h 131 87 192
h 131 121 183
h 131 130 90
h 131 139 48
h 131 169 172
h 131 172 131
h 131 177 58
h 131 179 63
h 131 189 40
h 132 1 140
h 132 18 105
h 132 25 133
h 132 40 6
h 132 46 174
h 132 49 182
h 132 70 151
h 132 73 137
h 132 85 32
h 132 91 162
h 132 98 37
h 132 107 148
h 132 116 118
h 132 133 141
h 132 144 143
h 132 149 107
h 132 150 65
h 132 178 181
h 132 191 111
h 133 1 143
h 133 18 194
h 133 25 185
h 133 46 69
h 133 49 173
h 133 55 84
h 133 64 67
h 133 68 67
h 133 70 55
h 133 73 125
h 133 85 41
h 133 86 19
h 133 91 23
h 133 98 70
h 133 113 116
h 133 116 183
h 133 125 119
h 133 132 141
h 133 144 108
h 133 157 80
h 133 176 83
h 133 178 116
h 134 11 172
h 134 21 123
h 134 39 189
h 134 57 128
h 134 72 52
h 134 88 124
h 134 89 197
h 134 115 54
h 134 142 16
h 134 146 135
h 134 151 126
h 134 154 168
h 134 165 172
h 134 173 108
h 134 180 63
h 134 181 142
h 134 182 68
h 134 184 73
h 134 197 43
h 135 5 196
h 135 13 115
h 135 15 198
h 135 19 117
h 135 27 178
h 135 29 90
h 135 32 111
h 135 33 189
h 135 44 159
h 135 58 195
h 135 99 112
h 135 109 91
h 135 118 72
h 135 169 38
h 135 172 12
h 135 177 165
h 135 179 98
h 135 192 148
h 136 23 38
h 136 43 197
h 136 45 192
h 136 47 191
h 136 48 65
h 136 50 13
h 136 60 109
h 136 78 74
h 136 114 145
h 136 155 36
h 136 156 95
h 136 162 192
h 136 164 178
h 136 171 72
h 136 174 172
h 137 4 77
h 137 9 182
h 137 10 21
h 137 34 135
h 137 35 25
h 137 37 190
h 137 54 56
h 137 57 27
h 137 65 141
h 137 77 43
h 137 88 89
h 137 92 183
h 137 94 110
h 137 104 54
h 137 108 179
h 137 112 66
h 137 122 16
h 137 126 183
h 137 146 45
h 137 152 44
h 137 154 11
h 137 159 72
h 137 160 96
h 137 184 45
h 137 193 125
h 137 196 91
h 137 197 143
h 137 200 63
h 138 13 77
h 138 27 7
h 138 56 186
h 138 81 67
h 138 86 78
h 138 98 45
h 138 99 126
h 138 118 107
h 138 129 184
h 138 195 8
h 139 14 15
h 139 16 47
h 139 32 7
h 139 42 36
h 139 61 79
h 139 67 68
h 139 79 171
h 139 84 92
h 139 87 108
h 139 102 50
h 139 119 75
h 139 121 131
h 139 128 69
h 139 131 48
h 139 169 46
h 139 170 155
h 139 179 24
h 139 189 178
h 139 194 132
h 140 7 36
h 140 11 110
h 140 22 8
h 140 24 125
h 140 39 50
h 140 72 139
h 140 82 58
h 140 106 170
h 140 115 39
h 140 124 125
h 140 142 180
h 140 151 164
h 140 156 52
h 140 173 39
h 140 182 94
h 140 190 157
h 140 198 84
h 141 21 13
h 141 24 46
h 141 62 116
h 141 66 195
h 141 72 51
h 141 90 35
h 141 115 148
h 141 147 187
h 141 173 140
h 141 180 183
h 141 181 133
h 141 182 108
h 142 7 8
h 142 11 130
h 142 24 39
h 142 39 79
h 142 48 28
h 142 50 32
h 142 72 71
h 142 89 28
h 142 106 103
h 142 124 31
h 142 134 16
h 142 140 180
h 142 151 143
h 142 156 119
h 142 165 25
h 142 171 90
h 142 174 66
h 142 182 18
h 142 190 193
h 142 198 111
h 143 8 16
h 143 10 93
h 143 17 130
h 143 21 116
h 143 30 8
h 143 57 44
h 143 62 162
h 143 66 26
h 143 90 190
h 143 96 198
h 143 110 125
h 143 146 13
h 143 147 41
h 143 148 89
h 143 158 175
h 143 180 12
h 143 184 71
h 143 196 37
h 144 18 62
h 144 25 43
h 144 46 168
h 144 49 174
h 144 55 38
h 144 70 183
h 144 85 168
h 144 91 137
h 144 107 112
h 144 116 28
h 144 132 143
h 144 133 108
h 144 149 20
h 144 150 11
h 144 178 62
h 144 191 110
h 145 2 162
h 145 26 157
h 145 93 193
h 145 100 99
h 145 127 44
h 145 168 185
h 145 199 20
h 146 9 36
h 146 10 122
h 146 11 34
h 146 17 27
h 146 21 165
h 146 37 94
h 146 39 96
h 146 57 198
h 146 88 149
h 146 89 134
h 146 92 86
h 146 126 128
h 146 134 135
h 146 137 45
h 146 143 13
h 146 154 149
h 146 158 50
h 146 165 120
h 146 181 44
h 146 184 187
h 146 196 157
h 146 197 172
h 147 21 30
h 147 62 156
h 147 66 196
h 147 90 103
h 147 96 17
h 147 110 54
h 147 115 88
h 147 141 187
h 147 143 41
h 147 173 88
h 147 180 167
h 147 181 98
h 147 182 33
h 148 8 100
h 148 17 64
h 148 30 30
h 148 38 67
h 148 90 66
h 148 96 116
h 148 110 108
h 148 143 89
h 148 158 82
h 148 166 127
h 149 40 181
h 149 46 138
h 149 49 27
h 149 70 105
h 149 91 169
h 149 107 182
h 149 132 107
h 149 144 20
h 149 150 190
h 149 153 22
h 149 178 98
h 149 191 165
h 150 40 185
h 150 46 128
h 150 70 105
h 150 91 162
h 150 107 177
h 150 132 65
h 150 144 11
h 150 149 190
h 150 178 34
h 150 191 178
h 151 11 172
h 151 24 145
h 151 39 141
h 151 72 172
h 151 89 118
h 151 106 125
h 151 115 126
h 151 124 115
h 151 134 126
h 151 140 164
h 151 142 143
h 151 154 37
h 151 165 75
h 151 173 141
h 151 180 41
h 151 181 121
h 151 182 157
h 151 190 97
h 152 4 190
h 152 35 199
h 152 36 113
h 152 52 156
h 152 65 58
h 152 94 182
h 152 104 64
h 152 108 107
h 152 112 187
h 152 130 5
h 152 137 44
h 152 160 164
h 152 193 183
h 152 200 77
h 153 40 11
h 153 149 22
h 153 178 22
h 154 9 61
h 154 11 138
h 154 21 74
h 154 37 85
h 154 39 173
h 154 48 56
h 154 53 57
h 154 54 18
h 154 57 134
h 154 88 188
h 154 89 182
h 154 92 97
h 154 120 55
h 154 126 79
h 154 134 168
h 154 137 11
h 154 146 149
h 154 151 37
h 154 165 195
h 154 171 57
h 154 181 29
h 154 184 88
h 154 196 35
h 154 197 111
h 155 23 124
h 155 43 52
h 155 59 193
h 155 60 121
h 155 74 86
h 155 78 159
h 155 80 129
h 155 95 10
h 155 114 166
h 155 127 75
h 155 136 36
h 155 162 25
h 155 164 108
h 155 167 192
h 155 183 131
h 155 188 100
h 156 7 54
h 156 23 104
h 156 43 121
h 156 45 55
h 156 47 94
h 156 48 5
h 156 50 168
h 156 114 76
h 156 127 24
h 156 136 95
h 156 140 52
h 156 142 119
h 156 162 143
h 156 164 18
h 156 171 61
h 156 174 153
h 156 190 158
h 156 198 174
h 157 1 48
h 157 18 124
h 157 25 108
h 157 51 167
h 157 64 197
h 157 68 199
h 157 73 22
h 157 81 102
h 157 86 82
h 157 98 71
h 157 113 189
h 157 116 124
h 157 117 22
h 157 125 117
h 157 133 80
h 157 161 21
h 157 163 93
h 157 175 135
h 157 176 194
h 157 186 94
h 157 195 31
h 158 8 102
h 158 10 162
h 158 17 187
h 158 21 103
h 158 30 114
h 158 57 75
h 158 62 89
h 158 90 136
h 158 96 177
h 158 110 35
h 158 143 175
h 158 146 50
h 158 148 82
h 158 184 117
h 158 196 116
h 158 197 23
h 159 3 60
h 159 9 145
h 159 34 183
h 159 36 9
h 159 37 95
h 159 48 46
h 159 53 129
h 159 54 196
h 159 65 154
h 159 77 160
h 159 83 64
h 159 88 54
h 159 92 118
h 159 103 78
h 159 108 101
h 159 120 155
h 159 126 22
h 159 137 72
h 159 160 29
h 159 161 10
h 159 187 135
h 159 200 109
h 160 4 191
h 160 9 75
h 160 34 114
h 160 35 159
h 160 36 176
h 160 37 40
h 160 52 62
h 160 65 158
h 160 77 121
h 160 92 35
h 160 94 194
h 160 103 49
h 160 108 165
h 160 112 192
h 160 130 72
h 160 137 96
h 160 152 164
h 160 159 29
h 160 193 184
h 160 200 173
h 161 3 172
h 161 28 94
h 161 51 118
h 161 54 8
h 161 64 44
h 161 68 27
h 161 77 5
h 161 83 165
h 161 103 62
h 161 117 190
h 161 157 21
h 161 159 10
h 161 163 182
h 161 175 83
h 161 176 26
h 161 186 90
h 161 187 149
h 162 23 73
h 162 43 197
h 162 45 177
h 162 47 187
h 162 48 73
h 162 50 72
h 162 60 65
h 162 78 34
h 162 114 144
h 162 136 192
h 162 155 25
h 162 156 143
h 162 164 155
h 162 171 93
h 162 174 189
h 162 190 59
h 162 198 45
h 163 3 116
h 163 28 9
h 163 51 173
h 163 64 115
h 163 68 92
h 163 83 103
h 163 113 73
h 163 117 191
h 163 157 93
h 163 161 182
h 163 175 156
h 163 176 107
h 163 186 78
h 163 187 102
h 164 23 43
h 164 43 174
h 164 45 163
h 164 47 147
h 164 59 51
h 164 60 175
h 164 78 155
h 164 80 11
h 164 114 168
h 164 136 178
h 164 155 108
h 164 156 18
h 164 162 155
h 164 167 78
h 164 174 106
h 164 175 17
h 165 9 23
h 165 11 163
h 165 21 46
h 165 37 43
h 165 39 187
h 165 48 86
h 165 53 72
h 165 54 7
h 165 57 102
h 165 88 174
h 165 89 186
h 165 92 60
h 165 120 63
h 165 126 30
h 165 134 172
h 165 142 25
h 165 146 120
h 165 151 75
h 165 154 195
h 165 171 94
h 165 181 36
h 165 184 44
h 165 197 66
h 166 110 123
h 166 148 127
h 167 23 73
h 167 59 192
h 167 60 119
h 167 74 134
h 167 78 163
h 167 80 166
h 167 95 69
h 167 101 42
h 167 114 132
h 167 127 26
h 167 155 192
h 167 164 78
h 167 183 163
h 167 188 147
h 168 2 140
h 168 26 171
h 168 93 172
h 168 100 97
h 168 145 185
h 169 5 64
h 169 14 176
h 169 15 50
h 169 19 166
h 169 29 82
h 169 32 156
h 169 33 40
h 169 44 113
h 169 61 69
h 169 84 127
h 169 87 175
h 169 121 159
h 169 131 172
h 169 135 38
h 169 139 46
h 169 172 129
h 169 177 152
h 169 179 156
h 169 189 85
h 169 192 34
h 170 16 142
h 170 67 138
h 170 79 180
h 170 102 143
h 170 105 64
h 170 119 140
h 170 121 10
h 170 123 52
h 170 128 174
h 170 139 155
h 170 189 86
h 170 194 50
h 171 11 82
h 171 39 73
h 171 43 68
h 171 45 96
h 171 47 125
h 171 48 192
h 171 53 155
h 171 54 29
h 171 88 31
h 171 89 31
h 171 120 131
h 171 136 72
h 171 142 90
h 171 154 57
h 171 156 61
h 171 162 93
h 171 165 94
h 171 174 148
h 171 187 21
h 171 190 105
h 172 5 9
h 172 13 45
h 172 14 155
h 172 15 41
h 172 19 49
h 172 27 39
h 172 31 100
h 172 32 23
h 172 33 65
h 172 44 144
h 172 71 149
h 172 84 53
h 172 87 88
h 172 111 104
h 172 121 52
h 172 130 113
h 172 131 131
h 172 135 12
h 172 169 129
h 172 177 93
h 172 179 15
h 173 11 90
h 173 21 54
h 173 24 147
h 173 39 74
h 173 62 38
h 173 66 125
h 173 72 166
h 173 89 79
h 173 106 47
h 173 115 193
h 173 124 101
h 173 134 108
h 173 140 39
h 173 141 140
h 173 147 88
h 173 151 141
h 173 180 173
h 173 181 190
h 173 182 188
h 174 23 21
h 174 43 177
h 174 45 166
h 174 47 185
h 174 48 127
h 174 50 60
h 174 53 54
h 174 114 87
h 174 120 11
h 174 136 172
h 174 142 66
h 174 156 153
h 174 162 189
h 174 164 106
h 174 171 148
h 174 190 111
h 174 198 60
h 175 18 25
h 175 51 187
h 175 55 13
h 175 60 72
h 175 64 156
h 175 68 125
h 175 78 8
h 175 113 153
h 175 117 121
h 175 125 137
h 175 157 135
h 175 161 83
h 175 163 156
h 175 164 17
h 175 176 163
h 176 1 17
h 176 18 127
h 176 25 95
h 176 51 179
h 176 55 16
h 176 64 198
h 176 68 189
h 176 81 52
h 176 86 31
h 176 98 25
h 176 113 196
h 176 116 111
h 176 117 41
h 176 125 149
h 176 133 83
h 176 157 194
h 176 161 26
h 176 163 107
h 176 175 163
h 176 186 57
h 177 5 177
h 177 13 50
h 177 14 79
h 177 15 168
h 177 19 184
h 177 27 124
h 177 29 139
h 177 32 178
h 177 33 155
h 177 42 6
h 177 44 171
h 177 58 135
h 177 87 59
h 177 109 98
h 177 121 26
h 177 131 58
h 177 135 165
h 177 169 152
h 177 172 93
h 177 179 172
h 177 192 146
h 178 1 174
h 178 18 88
h 178 25 141
h 178 46 123
h 178 49 140
h 178 70 80
h 178 73 178
h 178 86 46
h 178 91 121
h 178 98 110
h 178 107 112
h 178 116 128
h 178 132 181
h 178 133 116
h 178 144 62
h 178 149 98
h 178 150 34
h 178 153 22
h 178 191 53
h 179 5 130
h 179 14 70
h 179 15 93
h 179 19 197
h 179 27 12
h 179 29 181
h 179 32 199
h 179 33 62
h 179 42 118
h 179 44 90
h 179 58 59
h 179 87 92
h 179 109 133
h 179 121 74
h 179 131 63
h 179 135 98
h 179 139 24
h 179 169 156
h 179 172 15
h 179 177 172
h 179 189 111
h 179 192 150
h 179 194 73
h 180 21 98
h 180 24 62
h 180 62 137
h 180 66 184
h 180 72 84
h 180 89 23
h 180 90 60
h 180 115 162
h 180 134 63
h 180 141 183
h 180 143 12
h 180 147 167
h 180 151 41
h 180 173 173
h 180 181 180
h 180 182 133
h 181 11 99
h 181 21 120
h 181 24 93
h 181 39 101
h 181 57 51
h 181 62 89
h 181 66 131
h 181 72 126
h 181 89 116
h 181 115 168
h 181 124 31
h 181 134 142
h 181 141 133
h 181 146 44
h 181 147 98
h 181 151 121
h 181 154 29
h 181 165 36
h 181 173 190
h 181 180 180
h 181 182 158
h 182 11 83
h 182 24 185
h 182 39 49
h 182 66 78
h 182 72 192
h 182 89 39
h 182 106 117
h 182 115 194
h 182 124 157
h 182 134 68
h 182 140 94
h 182 141 108
h 182 142 18
h 182 147 33
h 182 151 157
h 182 173 188
h 182 180 133
h 182 181 158
h 183 59 160
h 183 74 190
h 183 78 75
h 183 80 162
h 183 95 72
h 183 101 62
h 183 155 131
h 183 167 163
h 183 188 180
h 184 9 8
h 184 10 171
h 184 17 107
h 184 21 164
h 184 37 78
h 184 39 13
h 184 57 192
h 184 62 26
h 184 88 98
h 184 89 67
h 184 90 21
h 184 92 61
h 184 96 52
h 184 126 129
h 184 134 73
h 184 137 45
h 184 143 71
h 184 146 187
h 184 154 88
h 184 158 117
h 184 165 44
h 184 196 187
h 184 197 174
h 185 6 194
h 185 8 33
h 185 12 182
h 185 20 180
h 185 30 46
h 185 38 44
h 185 41 199
h 185 69 188
h 185 75 158
h 185 97 67
h 185 104 28
h 185 122 57
h 186 3 100
h 186 28 101
h 186 31 97
h 186 51 77
h 186 64 86
h 186 68 111
h 186 71 62
h 186 81 98
h 186 83 96
h 186 86 44
h 186 103 8
h 186 111 50
h 186 113 19
h 186 117 36
h 186 157 94
h 186 161 90
h 186 163 78
h 186 176 57
h 186 195 173
h 187 3 131
h 187 28 29
h 187 34 57
h 187 45 40
h 187 47 22
h 187 48 83
h 187 53 139
h 187 54 144
h 187 77 76
h 187 83 126
h 187 103 51
h 187 117 151
h 187 120 149
h 187 159 135
h 187 161 149
h 187 163 102
h 187 171 21
h 188 55 39
h 188 59 119
h 188 60 36
h 188 74 192
h 188 78 98
h 188 80 190
h 188 95 151
h 188 101 146
h 188 155 100
h 188 167 147
h 188 183 180
h 189 14 17
h 189 19 90
h 189 29 82
h 189 32 98
h 189 42 131
h 189 61 11
h 189 79 142
h 189 84 51
h 189 87 102
h 189 121 114
h 189 131 40
h 189 139 178
h 189 169 85
h 189 170 86
h 189 179 111
h 189 194 177
h 190 7 29
h 190 11 92
h 190 39 37
h 190 43 20
h 190 47 27
h 190 48 46
h 190 50 84
h 190 72 9
h 190 106 64
h 190 140 157
h 190 142 193
h 190 151 97
h 190 156 158
h 190 162 59
h 190 171 105
h 190 174 111
h 190 198 142
h 191 40 129
h 191 46 176
h 191 49 71
h 191 70 171
h 191 85 6
h 191 91 188
h 191 107 191
h 191 132 111
h 191 144 110
h 191 149 165
h 191 150 178
h 191 178 53
h 192 5 170
h 192 15 132
h 192 19 148
h 192 27 62
h 192 29 179
h 192 32 156
h 192 33 94
h 192 42 85
h 192 44 63
h 192 58 141
h 192 109 189
h 192 135 148
h 192 169 34
h 192 177 146
h 192 179 150
h 193 4 192
h 193 9 78
h 193 34 80
h 193 35 177
h 193 36 124
h 193 37 66
h 193 52 87
h 193 65 129
h 193 77 52
h 193 92 51
h 193 94 196
h 193 104 76
h 193 108 167
h 193 112 188
h 193 126 48
h 193 137 125
h 193 152 183
h 193 160 184
h 193 200 122
h 194 19 41
h 194 29 83
h 194 32 58
h 194 42 169
h 194 63 30
h 194 79 135
h 194 109 14
h 194 121 6
h 194 139 132
h 194 170 50
h 194 179 73
h 194 189 177
h 195 13 58
h 195 28 42
h 195 31 155
h 195 64 8
h 195 68 55
h 195 71 110
h 195 81 134
h 195 86 91
h 195 98 23
h 195 111 34
h 195 129 93
h 195 138 8
h 195 157 31
h 195 186 173
h 196 9 35
h 196 10 188
h 196 17 130
h 196 21 111
h 196 30 60
h 196 37 102
h 196 57 161
h 196 88 68
h 196 92 80
h 196 96 24
h 196 104 46
h 196 122 77
h 196 126 153
h 196 137 91
h 196 143 37
h 196 146 157
h 196 154 35
h 196 158 116
h 196 184 187
h 196 197 180
h 197 9 121
h 197 10 138
h 197 17 36
h 197 21 90
h 197 34 6
h 197 37 164
h 197 39 5
h 197 57 167
h 197 88 145
h 197 89 53
h 197 92 153
h 197 108 55
h 197 122 13
h 197 126 188
h 197 134 43
h 197 137 143
h 197 146 172
h 197 154 111
h 197 158 23
h 197 165 66
h 197 184 174
h 197 196 180
h 198 7 150
h 198 22 80
h 198 23 93
h 198 43 14
h 198 50 183
h 198 82 44
h 198 106 16
h 198 127 53
h 198 140 84
h 198 142 111
h 198 156 174
h 198 162 45
h 198 174 60
h 198 190 142
h 199 2 145
h 199 7 114
h 199 22 153
h 199 26 119
h 199 82 104
h 199 100 184
h 199 145 20
h 200 3 28
h 200 4 136
h 200 9 85
h 200 28 70
h 200 34 155
h 200 35 70
h 200 36 181
h 200 37 27
h 200 54 71
h 200 65 179
h 200 77 183
h 200 83 43
h 200 92 36
h 200 94 146
h 200 103 145
h 200 108 146
h 200 111 56
h 200 112 142
h 200 130 94
h 200 137 63
h 200 152 77
h 200 159 109
h 200 160 173
h 200 193 122
