h 200 15 416.14
r 1 402.684719
r 2 410.404340
r 3 393.053787
r 4 391.908144
r 5 408.378187
r 6 384.644239
r 7 413.652092
r 8 396.491906
r 9 391.160202
r 10 390.893886
r 11 388.995921
r 12 395.306914
r 13 389.907231
r 14 416.140332
r 15 414.492297
t 1 46.623900
t 2 21.059077
t 3 46.619161
t 4 16.688991
t 5 21.908140
t 6 13.847621
t 7 16.849207
t 8 27.924765
t 9 24.902412
t 10 6.379864
t 11 36.422466
t 12 28.666272
t 13 33.812852
t 14 49.791003
t 15 30.728107
t 16 24.558638
t 17 16.855931
t 18 45.478758
t 19 10.666748
t 20 30.232255
t 21 12.160431
t 22 33.768548
t 23 21.903036
t 24 8.396063
t 25 15.709806
t 26 39.884155
t 27 39.990165
t 28 39.096735
t 29 6.564119
t 30 41.156641
t 31 47.834585
t 32 47.495291
t 33 19.294404
t 34 43.878018
t 35 47.879266
t 36 8.878559
t 37 23.631603
t 38 23.187601
t 39 43.674468
t 40 42.908850
t 41 26.014444
t 42 12.834605
t 43 34.733218
t 44 29.240267
t 45 12.324384
t 46 47.553945
t 47 29.122131
t 48 27.505882
t 49 14.680390
t 50 8.489359
t 51 14.238199
t 52 44.030514
t 53 20.034068
t 54 14.224115
t 55 38.438353
t 56 21.038627
t 57 38.855005
t 58 49.789163
t 59 35.371677
t 60 12.448167
t 61 24.286045
t 62 13.650007
t 63 24.344694
t 64 23.862604
t 65 16.933374
t 66 25.337499
t 67 42.558907
t 68 27.180976
t 69 43.575750
t 70 27.175922
t 71 10.876408
t 72 40.023492
t 73 29.991145
t 74 24.029942
t 75 32.485346
t 76 44.979202
t 77 9.248289
t 78 34.905734
t 79 42.937053
t 80 46.345212
t 81 38.145066
t 82 32.943399
t 83 21.082343
t 84 17.773040
t 85 13.929745
t 86 38.912102
t 87 36.347510
t 88 32.072203
t 89 16.132892
t 90 9.332659
t 91 35.915992
t 92 44.641258
t 93 23.153781
t 94 23.870258
t 95 33.353170
t 96 12.431268
t 97 25.931833
t 98 33.440083
t 99 25.470830
t 100 23.546103
t 101 29.654310
t 102 10.419477
t 103 29.300389
t 104 27.611841
t 105 15.731485
t 106 15.666127
t 107 15.842578
t 108 11.196995
t 109 22.290827
t 110 13.268706
t 111 23.045318
t 112 13.945916
t 113 28.729825
t 114 32.358888
t 115 8.026741
t 116 6.030493
t 117 45.092373
t 118 21.388620
t 119 20.002631
t 120 25.552924
t 121 12.169237
t 122 37.468207
t 123 6.739604
t 124 15.096619
t 125 43.335119
t 126 11.555147
t 127 35.626896
t 128 23.351699
t 129 13.237654
t 130 21.452434
t 131 35.040851
t 132 24.754576
t 133 26.020271
t 134 29.162379
t 135 46.801195
t 136 24.261790
t 137 6.323702
t 138 41.792364
t 139 23.141925
t 140 32.077856
t 141 17.229870
t 142 21.036325
t 143 40.823229
t 144 17.928679
t 145 48.260767
t 146 21.512945
t 147 21.756973
t 148 45.569025
t 149 12.008488
t 150 49.477975
t 151 29.034999
t 152 15.484327
t 153 24.944762
t 154 47.083819
t 155 43.022739
t 156 14.503440
t 157 37.078844
t 158 21.311642
t 159 18.842883
t 160 45.034632
t 161 19.700392
t 162 15.202062
t 163 15.349430
t 164 5.068805
t 165 44.055504
t 166 32.848339
t 167 34.993656
t 168 31.330616
t 169 26.823130
t 170 48.636077
t 171 28.554035
t 172 23.592558
t 173 18.191691
t 174 36.807565
t 175 18.944125
t 176 39.255031
t 177 14.720653
t 178 11.198557
t 179 12.192869
t 180 28.436798
t 181 20.503539
t 182 43.373778
t 183 12.843278
t 184 47.951829
t 185 18.156764
t 186 8.276844
t 187 17.136176
t 188 5.913430
t 189 41.189508
t 190 15.578719
t 191 8.813184
t 192 44.279018
t 193 44.404129
t 194 37.567071
t 195 47.910058
t 196 29.511248
t 197 42.370501
t 198 39.823337
t 199 26.444265
t 200 45.411649
h 1 2 72
h 1 49 95
h 1 61 126
h 1 107 136
h 1 113 130
h 1 166 141
h 1 181 91
h 1 187 164
h 1 200 26
h 2 1 72
h 2 9 25
h 2 36 180
h 2 49 63
h 2 61 178
h 2 73 7
h 2 86 139
h 2 98 186
h 2 100 90
h 2 102 38
h 2 107 23
h 2 113 98
h 2 115 89
h 2 124 7
h 2 166 59
h 2 171 111
h 2 181 52
h 2 182 186
h 3 13 114
h 3 22 107
h 3 48 98
h 3 54 41
h 3 57 36
h 3 85 195
h 3 93 84
h 3 109 193
h 3 117 45
h 3 119 47
h 3 121 36
h 3 145 192
h 3 170 161
h 3 190 59
h 4 20 104
h 4 26 160
h 4 28 148
h 4 56 185
h 4 69 41
h 4 75 194
h 4 127 142
h 4 131 143
h 4 140 22
h 4 159 123
h 4 160 149
h 4 193 125
h 4 194 99
h 4 198 29
h 5 11 53
h 5 54 91
h 5 67 139
h 5 68 192
h 5 78 133
h 5 79 22
h 5 94 103
h 5 105 154
h 5 110 184
h 5 118 10
h 5 130 196
h 5 138 174
h 5 162 184
h 6 31 168
h 6 35 88
h 6 37 197
h 6 39 27
h 6 103 106
h 6 126 67
h 6 141 24
h 6 172 40
h 6 183 17
h 7 12 82
h 7 16 93
h 7 17 187
h 7 19 26
h 7 50 8
h 7 74 176
h 7 128 76
h 7 129 154
h 7 132 184
h 7 137 161
h 7 177 185
h 8 24 19
h 8 34 140
h 8 69 24
h 8 82 168
h 8 83 103
h 8 114 189
h 8 122 183
h 8 128 55
h 8 140 182
h 8 142 134
h 8 186 154
h 9 2 25
h 9 14 7
h 9 30 182
h 9 49 168
h 9 70 23
h 9 80 25
h 9 87 36
h 9 90 14
h 9 102 108
h 9 107 112
h 9 156 102
h 9 157 113
h 9 175 193
h 9 181 167
h 9 192 96
h 9 195 25
h 9 199 174
h 10 45 170
h 10 80 114
h 10 87 108
h 10 90 50
h 10 91 142
h 10 104 198
h 10 143 129
h 10 153 86
h 10 156 44
h 10 157 17
h 10 168 156
h 10 195 111
h 10 196 23
h 11 5 53
h 11 41 143
h 11 67 17
h 11 68 87
h 11 78 136
h 11 79 76
h 11 110 55
h 11 118 166
h 11 130 92
h 11 138 84
h 12 7 82
h 12 16 113
h 12 17 133
h 12 19 192
h 12 45 81
h 12 74 82
h 12 132 152
h 12 143 139
h 12 153 45
h 12 177 135
h 13 3 114
h 13 22 176
h 13 48 182
h 13 54 102
h 13 57 120
h 13 67 93
h 13 79 42
h 13 85 115
h 13 93 8
h 13 94 131
h 13 109 106
h 13 117 174
h 13 119 158
h 13 121 181
h 13 138 9
h 13 145 147
h 13 170 158
h 13 190 188
h 14 9 7
h 14 16 56
h 14 30 19
h 14 70 194
h 14 80 77
h 14 87 107
h 14 90 185
h 14 91 134
h 14 102 82
h 14 133 152
h 14 136 16
h 14 148 166
h 14 156 93
h 14 157 145
h 14 167 166
h 14 168 42
h 14 175 71
h 14 180 97
h 14 192 135
h 14 195 59
h 14 196 194
h 14 199 114
h 15 33 120
h 15 40 70
h 15 46 112
h 15 61 75
h 15 62 196
h 15 64 114
h 15 73 160
h 15 88 176
h 15 89 178
h 15 92 51
h 15 99 157
h 15 113 144
h 15 115 142
h 15 124 151
h 15 141 132
h 15 150 104
h 15 166 133
h 15 184 199
h 15 187 14
h 15 200 132
h 16 7 93
h 16 12 113
h 16 14 56
h 16 17 84
h 16 19 62
h 16 70 30
h 16 74 160
h 16 82 7
h 16 90 24
h 16 91 13
h 16 128 143
h 16 132 136
h 16 133 70
h 16 143 51
h 16 148 142
h 16 177 83
h 16 180 142
h 16 186 31
h 16 196 62
h 17 7 187
h 17 12 133
h 17 16 84
h 17 19 95
h 17 74 150
h 17 128 13
h 17 129 98
h 17 132 192
h 17 137 122
h 17 177 199
h 18 32 187
h 18 53 28
h 18 59 71
h 18 60 155
h 18 63 188
h 18 66 171
h 18 76 61
h 18 95 6
h 18 108 9
h 18 116 82
h 18 125 148
h 18 135 39
h 18 144 162
h 18 147 155
h 18 151 59
h 18 155 190
h 18 158 162
h 18 164 28
h 18 174 195
h 19 7 26
h 19 12 192
h 19 16 62
h 19 17 95
h 19 45 105
h 19 74 17
h 19 132 111
h 19 143 152
h 19 153 99
h 19 177 98
h 20 4 104
h 20 27 149
h 20 28 148
h 20 56 44
h 20 58 151
h 20 75 112
h 20 97 83
h 20 127 26
h 20 131 193
h 20 159 193
h 20 160 126
h 20 193 172
h 20 198 187
h 21 25 197
h 21 35 100
h 21 39 145
h 21 55 111
h 21 84 112
h 21 103 42
h 21 123 169
h 21 163 81
h 21 172 36
h 21 176 178
h 22 3 107
h 22 13 176
h 22 48 199
h 22 57 181
h 22 72 55
h 22 85 86
h 22 93 102
h 22 94 36
h 22 96 25
h 22 109 75
h 22 117 189
h 22 119 192
h 22 121 179
h 22 145 152
h 22 152 32
h 22 170 102
h 22 190 183
h 23 24 33
h 23 50 188
h 23 83 42
h 23 122 13
h 23 129 96
h 23 134 101
h 23 137 84
h 23 173 187
h 24 8 19
h 24 23 33
h 24 32 38
h 24 34 145
h 24 43 31
h 24 50 25
h 24 60 18
h 24 76 82
h 24 83 186
h 24 122 51
h 24 134 57
h 24 142 167
h 24 144 104
h 24 147 119
h 24 173 81
h 24 191 128
h 25 21 197
h 25 35 71
h 25 39 123
h 25 55 80
h 25 84 89
h 25 123 168
h 25 163 44
h 25 176 162
h 26 4 160
h 26 28 124
h 26 29 6
h 26 56 193
h 26 60 108
h 26 75 128
h 26 112 49
h 26 127 186
h 26 131 34
h 26 155 50
h 26 158 116
h 26 160 142
h 26 194 179
h 27 20 149
h 27 28 12
h 27 40 10
h 27 58 199
h 27 65 45
h 27 100 108
h 27 131 113
h 27 149 7
h 27 159 132
h 27 171 81
h 27 193 101
h 27 198 177
h 28 4 148
h 28 20 148
h 28 26 124
h 28 27 12
h 28 29 19
h 28 56 142
h 28 58 18
h 28 75 126
h 28 97 147
h 28 101 36
h 28 112 55
h 28 127 159
h 28 131 150
h 28 159 131
h 28 160 197
h 28 165 34
h 28 169 78
h 28 193 95
h 28 194 114
h 28 198 118
h 29 26 6
h 29 28 19
h 29 72 68
h 29 81 176
h 29 96 34
h 29 97 69
h 29 101 80
h 29 108 76
h 29 112 197
h 29 127 83
h 29 146 73
h 29 154 106
h 29 160 47
h 29 165 173
h 29 169 152
h 29 194 108
h 30 9 182
h 30 14 19
h 30 49 137
h 30 70 15
h 30 80 106
h 30 87 107
h 30 90 54
h 30 102 44
h 30 107 83
h 30 156 157
h 30 157 150
h 30 168 47
h 30 175 177
h 30 181 140
h 30 192 49
h 30 195 108
h 30 196 20
h 30 199 180
h 31 6 168
h 31 33 81
h 31 35 141
h 31 37 152
h 31 39 96
h 31 55 67
h 31 89 11
h 31 99 30
h 31 103 173
h 31 126 18
h 31 141 119
h 31 150 103
h 31 163 99
h 31 172 146
h 32 18 187
h 32 24 38
h 32 44 35
h 32 59 51
h 32 60 142
h 32 63 190
h 32 66 150
h 32 76 130
h 32 95 21
h 32 125 92
h 32 144 180
h 32 147 184
h 32 151 105
h 32 155 170
h 32 158 131
h 32 164 46
h 32 174 195
h 32 191 80
h 33 15 120
h 33 31 81
h 33 40 139
h 33 46 145
h 33 55 72
h 33 62 147
h 33 64 188
h 33 73 126
h 33 88 104
h 33 89 181
h 33 92 160
h 33 99 108
h 33 103 82
h 33 115 57
h 33 124 122
h 33 141 178
h 33 150 198
h 33 163 106
h 33 172 131
h 33 184 115
h 34 8 140
h 34 24 145
h 34 60 80
h 34 82 29
h 34 83 176
h 34 114 85
h 34 122 123
h 34 140 94
h 34 142 195
h 34 144 98
h 34 147 84
h 34 158 15
h 34 173 6
h 35 6 88
h 35 21 100
h 35 25 71
h 35 31 141
h 35 37 51
h 35 39 193
h 35 55 143
h 35 84 53
h 35 103 186
h 35 150 21
h 35 163 147
h 35 172 158
h 35 176 128
h 36 2 180
h 36 61 127
h 36 86 187
h 36 98 196
h 36 100 142
h 36 102 82
h 36 113 13
h 36 115 78
h 36 171 168
h 36 182 198
h 36 192 13
h 37 6 197
h 37 31 152
h 37 35 51
h 37 52 31
h 37 103 73
h 37 126 93
h 37 141 8
h 37 183 55
h 38 42 43
h 38 44 196
h 38 59 85
h 38 63 34
h 38 66 20
h 38 71 43
h 38 76 83
h 38 95 168
h 38 106 24
h 38 120 30
h 38 139 129
h 38 151 176
h 38 164 171
h 38 185 31
h 38 189 47
h 38 191 8
h 38 197 163
h 39 6 27
h 39 21 145
h 39 25 123
h 39 31 96
h 39 35 193
h 39 55 154
h 39 84 88
h 39 103 168
h 39 123 61
h 39 163 149
h 39 172 145
h 39 176 160
h 40 15 70
h 40 27 10
h 40 33 139
h 40 46 195
h 40 55 5
h 40 58 6
h 40 62 110
h 40 64 180
h 40 65 65
h 40 73 162
h 40 89 131
h 40 92 191
h 40 100 51
h 40 115 125
h 40 124 167
h 40 141 54
h 40 149 91
h 40 150 125
h 40 163 28
h 40 172 21
h 40 184 54
h 41 11 143
h 41 47 51
h 41 78 59
h 41 79 73
h 41 118 168
h 41 123 59
h 41 179 83
h 42 38 43
h 42 71 180
h 42 120 19
h 42 139 139
h 42 197 106
h 43 24 31
h 43 76 85
h 43 106 182
h 43 120 135
h 43 134 177
h 43 139 9
h 43 191 140
h 43 197 24
h 44 32 35
h 44 38 196
h 44 59 120
h 44 63 79
h 44 66 70
h 44 76 97
h 44 95 182
h 44 106 6
h 44 111 22
h 44 135 26
h 44 139 95
h 44 151 187
h 44 164 186
h 44 174 42
h 44 185 66
h 44 189 50
h 44 191 18
h 44 197 140
h 45 10 170
h 45 12 81
h 45 19 105
h 45 80 25
h 45 87 30
h 45 90 24
h 45 91 120
h 45 104 164
h 45 143 190
h 45 153 147
h 45 168 77
h 45 195 13
h 45 196 13
h 46 15 112
h 46 33 145
h 46 40 195
h 46 62 143
h 46 64 182
h 46 65 11
h 46 73 184
h 46 88 27
h 46 89 153
h 46 92 180
h 46 100 70
h 46 115 155
h 46 124 187
h 46 141 74
h 46 149 40
h 46 150 129
h 46 184 98
h 47 41 51
h 47 77 191
h 47 79 88
h 47 101 79
h 47 118 60
h 47 161 130
h 47 179 119
h 48 3 98
h 48 13 182
h 48 22 199
h 48 57 177
h 48 72 43
h 48 85 79
h 48 93 81
h 48 94 57
h 48 96 8
h 48 109 68
h 48 117 193
h 48 119 193
h 48 121 186
h 48 145 145
h 48 152 9
h 48 170 105
h 48 190 190
h 49 1 95
h 49 2 63
h 49 9 168
h 49 30 137
h 49 61 29
h 49 102 11
h 49 107 185
h 49 175 132
h 49 181 199
h 49 199 88
h 50 7 8
h 50 23 188
h 50 24 25
h 50 83 58
h 50 122 79
h 50 129 149
h 50 134 32
h 50 137 128
h 50 142 8
h 50 173 194
h 51 53 127
h 51 59 30
h 51 108 25
h 51 111 132
h 51 116 57
h 51 135 117
h 51 146 7
h 51 152 8
h 51 178 129
h 51 185 103
h 51 188 183
h 52 37 31
h 52 126 187
h 52 183 193
h 53 18 28
h 53 51 127
h 53 59 103
h 53 63 15
h 53 66 108
h 53 96 17
h 53 108 163
h 53 111 110
h 53 116 188
h 53 125 164
h 53 135 163
h 53 146 90
h 53 154 137
h 53 178 191
h 53 185 111
h 53 188 137
h 54 3 41
h 54 5 91
h 54 13 102
h 54 67 150
h 54 68 99
h 54 78 42
h 54 85 83
h 54 94 152
h 54 105 169
h 54 109 82
h 54 110 133
h 54 121 21
h 54 130 68
h 54 138 114
h 54 145 35
h 54 162 155
h 54 170 157
h 54 190 38
h 55 21 111
h 55 25 80
h 55 31 67
h 55 33 72
h 55 35 143
h 55 39 154
h 55 40 5
h 55 64 56
h 55 84 173
h 55 92 76
h 55 103 155
h 55 123 90
h 55 149 46
h 55 150 89
h 55 163 196
h 55 172 179
h 55 176 175
h 56 4 185
h 56 20 44
h 56 26 193
h 56 28 142
h 56 60 68
h 56 75 164
h 56 112 9
h 56 127 177
h 56 131 87
h 56 158 70
h 56 159 56
h 56 160 153
h 56 193 49
h 56 194 156
h 57 3 36
h 57 13 120
h 57 22 181
h 57 48 177
h 57 72 138
h 57 81 52
h 57 93 121
h 57 96 115
h 57 117 173
h 57 119 190
h 57 121 150
h 57 145 99
h 57 146 44
h 57 152 98
h 57 190 150
h 58 20 151
h 58 27 199
h 58 28 18
h 58 40 6
h 58 65 47
h 58 100 102
h 58 131 115
h 58 149 9
h 58 159 133
h 58 171 75
h 58 193 102
h 58 198 180
h 59 18 71
h 59 32 51
h 59 38 85
h 59 44 120
h 59 51 30
h 59 53 103
h 59 63 115
h 59 66 162
h 59 95 171
h 59 111 164
h 59 116 78
h 59 125 121
h 59 135 181
h 59 151 107
h 59 164 171
h 59 174 86
h 59 178 39
h 59 185 183
h 59 188 114
h 59 189 78
h 60 18 155
h 60 24 18
h 60 26 108
h 60 32 142
h 60 34 80
h 60 56 68
h 60 63 107
h 60 66 57
h 60 83 6
h 60 125 51
h 60 127 49
h 60 142 47
h 60 144 176
h 60 147 152
h 60 155 184
h 60 158 192
h 60 174 137
h 60 194 91
h 61 1 126
h 61 2 178
h 61 15 75
h 61 36 127
h 61 49 29
h 61 62 52
h 61 73 66
h 61 86 57
h 61 98 150
h 61 100 49
h 61 107 21
h 61 113 170
h 61 115 124
h 61 124 61
h 61 166 148
h 61 171 50
h 61 181 17
h 61 182 143
h 61 184 68
h 61 187 68
h 61 200 9
h 62 15 196
h 62 33 147
h 62 40 110
h 62 46 143
h 62 61 52
h 62 64 147
h 62 73 176
h 62 88 164
h 62 89 191
h 62 92 95
h 62 99 147
h 62 113 117
h 62 115 151
h 62 124 169
h 62 141 145
h 62 150 133
h 62 166 99
h 62 184 193
h 62 200 98
h 63 18 188
h 63 32 190
h 63 38 34
h 63 44 79
h 63 53 15
h 63 59 115
h 63 60 107
h 63 66 182
h 63 76 113
h 63 95 82
h 63 116 52
h 63 125 131
h 63 135 66
h 63 144 145
h 63 147 152
h 63 151 129
h 63 155 159
h 63 158 110
h 63 164 101
h 63 174 197
h 63 185 28
h 63 191 41
h 64 15 114
h 64 33 188
h 64 40 180
h 64 46 182
h 64 55 56
h 64 62 147
h 64 73 158
h 64 84 8
h 64 88 65
h 64 89 175
h 64 92 188
h 64 99 58
h 64 103 25
h 64 115 102
h 64 124 157
h 64 141 139
h 64 149 35
h 64 150 181
h 64 163 85
h 64 172 97
h 64 184 104
h 65 27 45
h 65 40 65
h 65 46 11
h 65 58 47
h 65 84 82
h 65 92 75
h 65 149 194
h 65 161 122
h 65 179 99
h 65 198 7
h 66 18 171
h 66 32 150
h 66 38 20
h 66 44 70
h 66 53 108
h 66 59 162
h 66 60 57
h 66 63 182
h 66 76 32
h 66 95 107
h 66 108 44
h 66 111 73
h 66 116 125
h 66 125 175
h 66 135 143
h 66 144 77
h 66 147 80
h 66 151 100
h 66 155 134
h 66 158 82
h 66 164 118
h 66 174 173
h 66 178 49
h 66 185 108
h 66 188 24
h 67 5 139
h 67 11 17
h 67 13 93
h 67 54 150
h 67 68 167
h 67 78 168
h 67 79 139
h 67 94 195
h 67 105 127
h 67 110 184
h 67 117 19
h 67 118 65
h 67 121 64
h 67 130 140
h 67 138 187
h 67 162 159
h 67 170 72
h 67 190 68
h 68 5 192
h 68 11 87
h 68 54 99
h 68 67 167
h 68 78 169
h 68 79 86
h 68 94 139
h 68 105 138
h 68 110 195
h 68 118 69
h 68 130 195
h 68 138 193
h 68 162 178
h 69 4 41
h 69 8 24
h 69 75 93
h 69 82 11
h 69 114 22
h 69 131 40
h 69 133 46
h 69 136 158
h 69 140 116
h 69 159 46
h 69 167 25
h 69 180 7
h 69 186 43
h 69 193 107
h 70 9 23
h 70 14 194
h 70 16 30
h 70 30 15
h 70 80 34
h 70 87 69
h 70 90 164
h 70 91 90
h 70 102 123
h 70 133 172
h 70 136 75
h 70 148 165
h 70 156 65
h 70 157 126
h 70 167 188
h 70 175 86
h 70 180 108
h 70 192 165
h 70 195 14
h 70 196 176
h 70 199 115
h 71 38 43
h 71 42 180
h 71 139 85
h 71 189 13
h 71 197 60
h 72 22 55
h 72 29 68
h 72 48 43
h 72 57 138
h 72 81 140
h 72 93 85
h 72 96 194
h 72 108 78
h 72 112 30
h 72 117 42
h 72 119 88
h 72 146 177
h 72 152 145
h 72 154 120
h 72 165 25
h 72 178 45
h 73 2 7
h 73 15 160
h 73 33 126
h 73 40 162
h 73 46 184
h 73 61 66
h 73 62 176
h 73 64 158
h 73 88 82
h 73 89 165
h 73 92 135
h 73 98 42
h 73 99 54
h 73 100 86
h 73 113 85
h 73 115 188
h 73 124 199
h 73 141 79
h 73 150 106
h 73 166 45
h 73 171 29
h 73 182 17
h 73 184 149
h 74 7 176
h 74 12 82
h 74 16 160
h 74 17 150
h 74 19 17
h 74 82 69
h 74 114 13
h 74 128 156
h 74 129 126
h 74 132 174
h 74 137 105
h 74 148 40
h 74 177 148
h 74 180 91
h 74 186 71
h 75 4 194
h 75 20 112
h 75 26 128
h 75 28 126
h 75 56 164
h 75 69 93
h 75 127 103
h 75 131 153
h 75 140 56
h 75 159 138
h 75 160 122
h 75 193 149
h 75 194 47
h 75 198 35
h 76 18 61
h 76 24 82
h 76 32 130
h 76 38 83
h 76 43 85
h 76 44 97
h 76 63 113
h 76 66 32
h 76 95 26
h 76 106 122
h 76 120 40
h 76 134 12
h 76 139 15
h 76 144 100
h 76 147 136
h 76 151 154
h 76 155 14
h 76 164 52
h 76 174 105
h 76 191 185
h 76 197 74
h 77 47 191
h 77 79 87
h 77 101 102
h 77 117 19
h 77 118 24
h 77 121 34
h 77 161 98
h 77 165 32
h 77 169 33
h 77 179 62
h 77 190 9
h 78 5 133
h 78 11 136
h 78 41 59
h 78 54 42
h 78 67 168
h 78 68 169
h 78 79 169
h 78 94 151
h 78 105 45
h 78 110 168
h 78 118 159
h 78 130 152
h 78 138 184
h 78 162 111
h 79 5 22
h 79 11 76
h 79 13 42
h 79 41 73
h 79 47 88
h 79 67 139
h 79 68 86
h 79 77 87
h 79 78 169
h 79 94 142
h 79 110 98
h 79 117 38
h 79 118 161
h 79 121 79
h 79 130 48
h 79 138 128
h 79 162 14
h 79 190 68
h 80 9 25
h 80 10 114
h 80 14 77
h 80 30 106
h 80 45 25
h 80 70 34
h 80 87 197
h 80 90 143
h 80 91 161
h 80 104 133
h 80 156 189
h 80 157 172
h 80 168 192
h 80 175 54
h 80 195 199
h 80 196 113
h 80 199 115
h 81 29 176
h 81 57 52
h 81 72 140
h 81 96 106
h 81 97 12
h 81 101 79
h 81 108 54
h 81 112 157
h 81 119 16
h 81 146 112
h 81 154 99
h 81 165 169
h 81 169 134
h 82 8 168
h 82 16 7
h 82 34 29
h 82 69 11
h 82 74 69
h 82 83 8
h 82 114 194
h 82 122 171
h 82 128 159
h 82 129 54
h 82 133 8
h 82 140 150
h 82 142 34
h 82 180 104
h 82 186 196
h 83 8 103
h 83 23 42
h 83 24 186
h 83 34 176
h 83 50 58
h 83 60 6
h 83 82 8
h 83 114 58
h 83 122 125
h 83 140 19
h 83 142 192
h 83 144 72
h 83 147 76
h 83 173 105
h 83 191 53
h 84 21 112
h 84 25 89
h 84 35 53
h 84 39 88
h 84 55 173
h 84 64 8
h 84 65 82
h 84 92 61
h 84 103 60
h 84 123 144
h 84 149 122
h 84 150 7
h 84 163 155
h 84 172 110
h 84 176 173
h 84 179 57
h 85 3 195
h 85 13 115
h 85 22 86
h 85 48 79
h 85 54 83
h 85 93 33
h 85 109 199
h 85 117 27
h 85 119 21
h 85 121 26
h 85 145 181
h 85 170 178
h 85 190 50
h 86 2 139
h 86 36 187
h 86 61 57
h 86 98 174
h 86 100 144
h 86 102 108
h 86 115 25
h 86 136 73
h 86 171 178
h 86 182 180
h 86 192 51
h 87 9 36
h 87 10 108
h 87 14 107
h 87 30 107
h 87 45 30
h 87 70 69
h 87 80 197
h 87 90 163
h 87 91 172
h 87 104 129
h 87 156 190
h 87 157 182
h 87 168 186
h 87 175 69
h 87 195 194
h 87 196 138
h 87 199 128
h 88 15 176
h 88 33 104
h 88 46 27
h 88 62 164
h 88 64 65
h 88 73 82
h 88 89 155
h 88 99 196
h 88 113 99
h 88 115 44
h 88 124 68
h 88 126 29
h 88 141 156
h 88 150 96
h 88 166 106
h 88 184 182
h 88 187 19
h 88 200 167
h 89 15 178
h 89 31 11
h 89 33 181
h 89 40 131
h 89 46 153
h 89 62 191
h 89 64 175
h 89 73 165
h 89 88 155
h 89 92 131
h 89 99 147
h 89 113 55
h 89 115 122
h 89 124 159
h 89 141 173
h 89 150 172
h 89 163 5
h 89 166 34
h 89 172 44
h 89 184 174
h 89 200 59
h 90 9 14
h 90 10 50
h 90 14 185
h 90 16 24
h 90 30 54
h 90 45 24
h 90 70 164
h 90 80 143
h 90 87 163
h 90 91 178
h 90 102 26
h 90 104 75
h 90 133 88
h 90 143 15
h 90 148 124
h 90 156 144
h 90 157 173
h 90 167 111
h 90 168 122
h 90 175 71
h 90 180 25
h 90 192 87
h 90 195 130
h 90 196 196
h 90 199 125
h 91 10 142
h 91 14 134
h 91 16 13
h 91 45 120
h 91 70 90
h 91 80 161
h 91 87 172
h 91 90 178
h 91 104 156
h 91 143 101
h 91 148 64
h 91 156 134
h 91 157 144
h 91 167 7
h 91 168 165
h 91 195 151
h 91 196 167
h 91 199 58
h 92 15 51
h 92 33 160
h 92 40 191
h 92 46 180
h 92 55 76
h 92 62 95
h 92 64 188
h 92 65 75
h 92 73 135
h 92 84 61
h 92 89 131
h 92 115 78
h 92 124 139
h 92 141 81
h 92 149 108
h 92 150 153
h 92 163 94
h 92 172 87
h 92 184 36
h 93 3 84
h 93 13 8
h 93 22 102
h 93 48 81
h 93 57 121
h 93 72 85
h 93 85 33
h 93 96 103
h 93 109 23
h 93 117 35
h 93 119 76
h 93 145 115
h 93 146 31
h 93 152 170
h 93 190 5
h 94 5 103
h 94 13 131
h 94 22 36
h 94 48 57
h 94 54 152
h 94 67 195
h 94 68 139
h 94 78 151
h 94 79 142
h 94 105 106
h 94 110 164
h 94 117 71
h 94 118 47
h 94 119 20
h 94 121 107
h 94 130 103
h 94 138 169
h 94 162 135
h 94 170 101
h 94 190 111
h 95 18 6
h 95 32 21
h 95 38 168
h 95 44 182
h 95 59 171
h 95 63 82
h 95 66 107
h 95 76 26
h 95 111 117
h 95 125 13
h 95 135 112
h 95 139 5
h 95 151 158
h 95 164 198
h 95 174 44
h 95 185 145
h 95 188 27
h 95 189 114
h 95 197 63
h 96 22 25
h 96 29 34
h 96 48 8
h 96 53 17
h 96 57 115
h 96 72 194
h 96 81 106
h 96 93 103
h 96 108 97
h 96 116 14
h 96 119 52
h 96 146 187
h 96 152 168
h 96 154 132
h 96 178 86
h 97 20 83
h 97 28 147
h 97 29 69
h 97 81 12
h 97 101 167
h 97 112 84
h 97 127 75
h 97 131 50
h 97 159 31
h 97 160 143
h 97 161 47
h 97 165 133
h 97 169 167
h 97 194 30
h 97 198 97
h 98 2 186
h 98 36 196
h 98 61 150
h 98 73 42
h 98 86 174
h 98 100 151
h 98 102 39
h 98 113 57
h 98 115 116
h 98 124 46
h 98 171 166
h 98 182 199
h 99 15 157
h 99 31 30
h 99 33 108
h 99 62 147
h 99 64 58
h 99 73 54
h 99 88 196
h 99 89 147
h 99 113 58
h 99 124 38
h 99 126 70
h 99 141 167
h 99 150 104
h 99 166 68
h 99 184 165
h 99 200 155
h 100 2 90
h 100 27 108
h 100 36 142
h 100 40 51
h 100 46 70
h 100 58 102
h 100 61 49
h 100 73 86
h 100 86 144
h 100 98 151
h 100 115 131
h 100 124 97
h 100 171 191
h 100 182 144
h 100 198 7
h 101 28 36
h 101 29 80
h 101 47 79
h 101 77 102
h 101 81 79
h 101 97 167
h 101 112 76
h 101 160 36
h 101 161 103
h 101 165 164
h 101 169 182
h 102 2 38
h 102 9 108
h 102 14 82
h 102 30 44
h 102 36 82
h 102 49 11
h 102 70 123
h 102 86 108
h 102 90 26
h 102 98 39
h 102 133 88
h 102 136 128
h 102 148 12
h 102 157 50
h 102 167 146
h 102 175 140
h 102 182 62
h 102 192 191
h 102 196 34
h 102 199 117
h 103 6 106
h 103 21 42
h 103 31 173
h 103 33 82
h 103 35 186
h 103 37 73
h 103 39 168
h 103 55 155
h 103 64 25
h 103 84 60
h 103 141 76
h 103 150 105
h 103 163 169
h 103 172 187
h 103 176 105
h 104 10 198
h 104 45 164
h 104 80 133
h 104 87 129
h 104 90 75
h 104 91 156
h 104 143 124
h 104 153 64
h 104 156 70
h 104 157 47
h 104 168 168
h 104 195 130
h 104 196 48
h 105 5 154
h 105 54 169
h 105 67 127
h 105 68 138
h 105 78 45
h 105 94 106
h 105 110 153
h 105 130 130
h 105 138 126
h 105 162 189
h 105 170 58
h 106 38 24
h 106 43 182
h 106 44 6
h 106 76 122
h 106 120 175
h 106 134 121
h 106 139 103
h 106 151 50
h 106 191 148
h 106 197 117
h 107 1 136
h 107 2 23
h 107 9 112
h 107 30 83
h 107 49 185
h 107 61 21
h 107 175 56
h 107 181 186
h 107 187 19
h 108 18 9
h 108 29 76
h 108 51 25
h 108 53 163
h 108 66 44
h 108 72 78
h 108 81 54
h 108 96 97
h 108 112 67
h 108 116 183
h 108 125 142
h 108 135 59
h 108 146 156
h 108 152 6
h 108 154 195
h 108 155 10
h 108 158 7
h 108 178 176
h 108 188 12
h 109 3 193
h 109 13 106
h 109 22 75
h 109 48 68
h 109 54 82
h 109 85 199
h 109 93 23
h 109 117 14
h 109 119 7
h 109 121 13
h 109 145 176
h 109 170 176
h 109 190 38
h 110 5 184
h 110 11 55
h 110 54 133
h 110 67 184
h 110 68 195
h 110 78 168
h 110 79 98
h 110 94 164
h 110 105 153
h 110 118 57
h 110 130 184
h 110 138 196
h 110 162 185
h 110 170 8
h 111 44 22
h 111 51 132
h 111 53 110
h 111 59 164
h 111 66 73
h 111 95 117
h 111 116 50
h 111 125 56
h 111 135 180
h 111 164 104
h 111 178 65
h 111 185 196
h 111 188 182
h 111 189 126
h 112 26 49
h 112 28 55
h 112 29 197
h 112 56 9
h 112 72 30
h 112 81 157
h 112 97 84
h 112 101 76
h 112 108 67
h 112 127 117
h 112 146 44
h 112 154 93
h 112 160 81
h 112 165 166
h 112 169 151
h 112 194 136
h 113 1 130
h 113 2 98
h 113 15 144
h 113 36 13
h 113 61 170
h 113 62 117
h 113 73 85
h 113 88 99
h 113 89 55
h 113 98 57
h 113 99 58
h 113 115 115
h 113 124 74
h 113 166 195
h 113 182 41
h 113 184 145
h 113 187 136
h 113 200 129
h 114 8 189
h 114 34 85
h 114 69 22
h 114 74 13
h 114 82 194
h 114 83 58
h 114 122 185
h 114 128 122
h 114 129 24
h 114 140 171
h 114 142 86
h 114 173 10
h 114 180 60
h 114 186 186
h 115 2 89
h 115 15 142
h 115 33 57
h 115 36 78
h 115 40 125
h 115 46 155
h 115 61 124
h 115 62 151
h 115 64 102
h 115 73 188
h 115 86 25
h 115 88 44
h 115 89 122
h 115 92 78
h 115 98 116
h 115 100 131
h 115 113 115
h 115 124 188
h 115 141 5
h 115 150 28
h 115 166 73
h 115 171 94
h 115 182 97
h 115 184 130
h 116 18 82
h 116 51 57
h 116 53 188
h 116 59 78
h 116 63 52
h 116 66 125
h 116 96 14
h 116 108 183
h 116 111 50
h 116 125 184
h 116 135 132
h 116 146 96
h 116 154 160
h 116 155 65
h 116 158 41
h 116 174 50
h 116 178 179
h 116 185 61
h 116 188 73
h 117 3 45
h 117 13 174
h 117 22 189
h 117 48 193
h 117 57 173
h 117 67 19
h 117 72 42
h 117 77 19
h 117 79 38
h 117 85 27
h 117 93 35
h 117 94 71
h 117 109 14
h 117 119 195
h 117 121 196
h 117 145 103
h 117 170 72
h 117 190 195
h 118 5 10
h 118 11 166
h 118 41 168
h 118 47 60
h 118 67 65
h 118 68 69
h 118 77 24
h 118 78 159
h 118 79 161
h 118 94 47
h 118 110 57
h 118 130 51
h 118 138 95
h 119 3 47
h 119 13 158
h 119 22 192
h 119 48 193
h 119 57 190
h 119 72 88
h 119 81 16
h 119 85 21
h 119 93 76
h 119 94 20
h 119 96 52
h 119 109 7
h 119 117 195
h 119 121 184
h 119 145 108
h 119 152 29
h 119 170 50
h 119 190 183
h 120 38 30
h 120 42 19
h 120 43 135
h 120 76 40
h 120 106 175
h 120 134 44
h 120 139 156
h 120 151 8
h 120 191 59
h 120 197 146
h 121 3 36
h 121 13 181
h 121 22 179
h 121 48 186
h 121 54 21
h 121 57 150
h 121 67 64
h 121 77 34
h 121 79 79
h 121 85 26
h 121 94 107
h 121 109 13
h 121 117 196
h 121 119 184
h 121 145 93
h 121 170 85
h 121 190 199
h 122 8 183
h 122 23 13
h 122 24 51
h 122 34 123
h 122 50 79
h 122 82 171
h 122 83 125
h 122 114 185
h 122 128 76
h 122 129 64
h 122 140 136
h 122 142 135
h 122 173 96
h 122 186 150
h 123 21 169
h 123 25 168
h 123 39 61
h 123 41 59
h 123 55 90
h 123 84 144
h 123 163 50
h 123 176 163
h 123 179 68
h 124 2 7
h 124 15 151
h 124 33 122
h 124 40 167
h 124 46 187
h 124 61 61
h 124 62 169
h 124 64 157
h 124 73 199
h 124 88 68
h 124 89 159
h 124 92 139
h 124 98 46
h 124 99 38
h 124 100 97
h 124 113 74
h 124 115 188
h 124 141 69
h 124 150 101
h 124 166 32
h 124 171 40
h 124 182 22
h 124 184 139
h 125 18 148
h 125 32 92
h 125 53 164
h 125 59 121
h 125 60 51
h 125 63 131
h 125 66 175
h 125 95 13
h 125 108 142
h 125 111 56
h 125 116 184
h 125 135 142
h 125 144 24
h 125 147 8
h 125 154 104
h 125 155 128
h 125 158 97
h 125 164 23
h 125 174 129
h 125 178 133
h 125 185 81
h 125 188 47
h 126 6 67
h 126 31 18
h 126 37 93
h 126 52 187
h 126 88 29
h 126 99 70
h 126 141 11
h 126 183 178
h 126 200 6
h 127 4 142
h 127 20 26
h 127 26 186
h 127 28 159
h 127 29 83
h 127 56 177
h 127 60 49
h 127 75 103
h 127 97 75
h 127 112 117
h 127 131 52
h 127 158 76
h 127 159 16
h 127 160 175
h 127 165 37
h 127 169 55
h 127 194 190
h 128 7 76
h 128 8 55
h 128 16 143
h 128 17 13
h 128 74 156
h 128 82 159
h 128 114 122
h 128 122 76
h 128 129 62
h 128 132 68
h 128 133 90
h 128 140 45
h 128 148 115
h 128 167 6
h 128 177 10
h 128 180 172
h 128 186 169
h 129 7 154
h 129 17 98
h 129 23 96
h 129 50 149
h 129 74 126
h 129 82 54
h 129 114 24
h 129 122 64
h 129 128 62
h 129 132 87
h 129 137 189
h 129 173 117
h 129 177 94
h 129 186 25
h 130 5 196
h 130 11 92
h 130 54 68
h 130 67 140
h 130 68 195
h 130 78 152
h 130 79 48
h 130 94 103
h 130 105 130
h 130 110 184
h 130 118 51
h 130 138 179
h 130 162 171
h 131 4 143
h 131 20 193
h 131 26 34
h 131 27 113
h 131 28 150
h 131 56 87
h 131 58 115
h 131 69 40
h 131 75 153
h 131 97 50
h 131 127 52
h 131 159 198
h 131 160 132
h 131 193 188
h 131 198 162
h 132 7 184
h 132 12 152
h 132 16 136
h 132 17 192
h 132 19 111
h 132 74 174
h 132 128 68
h 132 129 87
h 132 137 96
h 132 177 191
h 133 14 152
h 133 16 70
h 133 69 46
h 133 70 172
h 133 82 8
h 133 90 88
h 133 102 88
h 133 128 90
h 133 136 129
h 133 148 181
h 133 157 8
h 133 167 188
h 133 180 171
h 133 186 54
h 133 192 132
h 133 196 119
h 134 23 101
h 134 24 57
h 134 43 177
h 134 50 32
h 134 76 12
h 134 106 121
h 134 120 44
h 134 173 65
h 134 191 98
h 135 18 39
h 135 44 26
h 135 51 117
h 135 53 163
h 135 59 181
h 135 63 66
h 135 66 143
h 135 95 112
h 135 108 59
h 135 111 180
h 135 116 132
h 135 125 142
h 135 151 9
h 135 154 7
h 135 164 108
h 135 174 39
h 135 178 123
h 135 185 187
h 135 188 166
h 135 189 48
h 136 14 16
h 136 69 158
h 136 70 75
h 136 86 73
h 136 102 128
h 136 133 129
h 136 148 39
h 136 167 140
h 136 180 52
h 136 192 129
h 136 193 17
h 137 7 161
h 137 17 122
h 137 23 84
h 137 50 128
h 137 74 105
h 137 129 189
h 137 132 96
h 137 173 85
h 137 177 120
h 138 5 174
h 138 11 84
h 138 13 9
h 138 54 114
h 138 67 187
h 138 68 193
h 138 78 184
h 138 79 128
h 138 94 169
h 138 105 126
h 138 110 196
h 138 118 95
h 138 130 179
h 138 162 169
h 139 38 129
h 139 42 139
h 139 43 9
h 139 44 95
h 139 71 85
h 139 76 15
h 139 95 5
h 139 106 103
h 139 120 156
h 139 151 71
h 139 164 12
h 139 197 192
h 140 4 22
h 140 8 182
h 140 34 94
h 140 69 116
h 140 75 56
h 140 82 150
h 140 83 19
h 140 114 171
h 140 122 136
h 140 128 45
h 140 142 73
h 140 180 14
h 140 186 150
h 141 6 24
h 141 15 132
h 141 31 119
h 141 33 178
h 141 37 8
h 141 40 54
h 141 46 74
h 141 62 145
h 141 64 139
h 141 73 79
h 141 88 156
h 141 89 173
h 141 92 81
h 141 99 167
h 141 103 76
h 141 115 5
h 141 124 69
h 141 126 11
h 141 150 180
h 141 163 50
h 141 172 101
h 141 184 135
h 141 200 50
h 142 8 134
h 142 24 167
h 142 34 195
h 142 50 8
h 142 60 47
h 142 82 34
h 142 83 192
h 142 114 86
h 142 122 135
h 142 140 73
h 142 144 85
h 142 147 79
h 142 173 59
h 142 191 5
h 143 10 129
h 143 12 139
h 143 16 51
h 143 19 152
h 143 45 190
h 143 90 15
h 143 91 101
h 143 104 124
h 143 153 137
h 143 168 22
h 143 196 15
h 144 18 162
h 144 24 104
h 144 32 180
h 144 34 98
h 144 60 176
h 144 63 145
h 144 66 77
h 144 76 100
h 144 83 72
h 144 125 24
h 144 142 85
h 144 147 195
h 144 151 18
h 144 155 169
h 144 158 151
h 144 174 164
h 144 191 73
h 145 3 192
h 145 13 147
h 145 22 152
h 145 48 145
h 145 54 35
h 145 57 99
h 145 85 181
h 145 93 115
h 145 109 176
h 145 117 103
h 145 119 108
h 145 121 93
h 145 170 158
h 145 190 111
h 146 29 73
h 146 51 7
h 146 53 90
h 146 57 44
h 146 72 177
h 146 81 112
h 146 93 31
h 146 96 187
h 146 108 156
h 146 112 44
h 146 116 96
h 146 152 135
h 146 154 177
h 146 178 140
h 147 18 155
h 147 24 119
h 147 32 184
h 147 34 84
h 147 60 152
h 147 63 152
h 147 66 80
h 147 76 136
h 147 83 76
h 147 125 8
h 147 142 79
h 147 144 195
h 147 151 58
h 147 155 152
h 147 158 123
h 147 174 166
h 147 191 113
h 148 14 166
h 148 16 142
h 148 70 165
h 148 74 40
h 148 90 124
h 148 91 64
h 148 102 12
h 148 128 115
h 148 133 181
h 148 136 39
h 148 157 27
h 148 167 157
h 148 180 179
h 148 186 40
h 148 192 79
h 148 196 152
h 149 27 7
h 149 40 91
h 149 46 40
h 149 55 46
h 149 58 9
h 149 64 35
h 149 65 194
h 149 84 122
h 149 92 108
h 149 161 91
h 149 163 31
h 149 179 91
h 150 15 104
h 150 31 103
h 150 33 198
h 150 35 21
h 150 40 125
h 150 46 129
h 150 55 89
h 150 62 133
h 150 64 181
h 150 73 106
h 150 84 7
h 150 88 96
h 150 89 172
h 150 92 153
h 150 99 104
h 150 103 105
h 150 115 28
h 150 124 101
h 150 141 180
h 150 163 121
h 150 172 146
h 150 184 100
h 151 18 59
h 151 32 105
h 151 38 176
h 151 44 187
h 151 59 107
h 151 63 129
h 151 66 100
h 151 76 154
h 151 95 158
h 151 106 50
h 151 120 8
h 151 135 9
h 151 139 71
h 151 144 18
h 151 147 58
h 151 164 169
h 151 174 103
h 151 185 29
h 151 191 93
h 151 197 125
h 152 22 32
h 152 48 9
h 152 51 8
h 152 57 98
h 152 72 145
h 152 93 170
h 152 96 168
h 152 108 6
h 152 119 29
h 152 146 135
h 152 154 41
h 152 178 43
h 153 10 86
h 153 12 45
h 153 19 99
h 153 45 147
h 153 104 64
h 153 143 137
h 154 29 106
h 154 53 137
h 154 72 120
h 154 81 99
h 154 96 132
h 154 108 195
h 154 112 93
h 154 116 160
h 154 125 104
h 154 135 7
h 154 146 177
h 154 152 41
h 154 178 163
h 155 18 190
h 155 26 50
h 155 32 170
h 155 60 184
h 155 63 159
h 155 66 134
h 155 76 14
h 155 108 10
h 155 116 65
h 155 125 128
h 155 144 169
h 155 147 152
h 155 158 190
h 155 174 176
h 155 194 63
h 156 9 102
h 156 10 44
h 156 14 93
h 156 30 157
h 156 70 65
h 156 80 189
h 156 87 190
h 156 90 144
h 156 91 134
h 156 104 70
h 156 157 190
h 156 168 163
h 156 175 122
h 156 192 23
h 156 195 188
h 156 196 115
h 156 199 163
h 157 9 113
h 157 10 17
h 157 14 145
h 157 30 150
h 157 70 126
h 157 80 172
h 157 87 182
h 157 90 173
h 157 91 144
h 157 102 50
h 157 104 47
h 157 133 8
h 157 148 27
h 157 156 190
h 157 167 67
h 157 168 139
h 157 175 143
h 157 192 90
h 157 195 166
h 157 196 155
h 157 199 179
h 158 18 162
h 158 26 116
h 158 32 131
h 158 34 15
h 158 56 70
h 158 60 192
h 158 63 110
h 158 66 82
h 158 108 7
h 158 116 41
h 158 125 97
h 158 127 76
h 158 144 151
h 158 147 123
h 158 155 190
h 158 174 137
h 158 194 122
h 159 4 123
h 159 20 193
h 159 27 132
h 159 28 131
h 159 56 56
h 159 58 133
h 159 69 46
h 159 75 138
h 159 97 31
h 159 127 16
h 159 131 198
h 159 160 109
h 159 193 192
h 159 198 168
h 160 4 149
h 160 20 126
h 160 26 142
h 160 28 197
h 160 29 47
h 160 56 153
h 160 75 122
h 160 97 143
h 160 101 36
h 160 112 81
h 160 127 175
h 160 131 132
h 160 159 109
h 160 165 50
h 160 169 87
h 160 193 71
h 160 194 138
h 160 198 90
h 161 47 130
h 161 65 122
h 161 77 98
h 161 97 47
h 161 101 103
h 161 149 91
h 161 169 5
h 161 179 164
h 162 5 184
h 162 54 155
h 162 67 159
h 162 68 178
h 162 78 111
h 162 79 14
h 162 94 135
h 162 105 189
h 162 110 185
h 162 130 171
h 162 138 169
h 162 170 29
h 163 21 81
h 163 25 44
h 163 31 99
h 163 33 106
h 163 35 147
h 163 39 149
h 163 40 28
h 163 55 196
h 163 64 85
h 163 84 155
h 163 89 5
h 163 92 94
h 163 103 169
h 163 123 50
h 163 141 50
h 163 149 31
h 163 150 121
h 163 172 192
h 163 176 156
h 164 18 28
h 164 32 46
h 164 38 171
h 164 44 186
h 164 59 171
h 164 63 101
h 164 66 118
h 164 76 52
h 164 95 198
h 164 111 104
h 164 125 23
h 164 135 108
h 164 139 12
h 164 151 169
h 164 174 65
h 164 185 136
h 164 188 11
h 164 189 94
h 164 197 71
h 165 28 34
h 165 29 173
h 165 72 25
h 165 77 32
h 165 81 169
h 165 97 133
h 165 101 164
h 165 112 166
h 165 127 37
h 165 160 50
h 165 169 193
h 165 194 38
h 166 1 141
h 166 2 59
h 166 15 133
h 166 61 148
h 166 62 99
h 166 73 45
h 166 88 106
h 166 89 34
h 166 99 68
h 166 113 195
h 166 115 73
h 166 124 32
h 166 184 136
h 166 187 163
h 166 200 153
h 167 14 166
h 167 69 25
h 167 70 188
h 167 90 111
h 167 91 7
h 167 102 146
h 167 128 6
h 167 133 188
h 167 136 140
h 167 148 157
h 167 157 67
h 167 175 61
h 167 180 124
h 167 192 177
h 167 196 133
h 167 199 76
h 168 10 156
h 168 14 42
h 168 30 47
h 168 45 77
h 168 80 192
h 168 87 186
h 168 90 122
h 168 91 165
h 168 104 168
h 168 143 22
h 168 156 163
h 168 157 139
h 168 195 192
h 168 196 89
h 168 199 57
h 169 28 78
h 169 29 152
h 169 77 33
h 169 81 134
h 169 97 167
h 169 101 182
h 169 112 151
h 169 127 55
h 169 160 87
h 169 161 5
h 169 165 193
h 169 194 41
h 170 3 161
h 170 13 158
h 170 22 102
h 170 48 105
h 170 54 157
h 170 67 72
h 170 85 178
h 170 94 101
h 170 105 58
h 170 109 176
h 170 110 8
h 170 117 72
h 170 119 50
h 170 121 85
h 170 145 158
h 170 162 29
h 170 190 104
h 171 2 111
h 171 27 81
h 171 36 168
h 171 58 75
h 171 61 50
h 171 73 29
h 171 86 178
h 171 98 166
h 171 100 191
h 171 115 94
h 171 124 40
h 171 182 165
h 171 193 20
h 172 6 40
h 172 21 36
h 172 31 146
h 172 33 131
h 172 35 158
h 172 39 145
h 172 40 21
h 172 55 179
h 172 64 97
h 172 84 110
h 172 89 44
h 172 92 87
h 172 103 187
h 172 141 101
h 172 150 146
h 172 163 192
h 172 176 120
h 173 23 187
h 173 24 81
h 173 34 6
h 173 50 194
h 173 83 105
h 173 114 10
h 173 122 96
h 173 129 117
h 173 134 65
h 173 137 85
h 173 142 59
h 174 18 195
h 174 32 195
h 174 44 42
h 174 59 86
h 174 60 137
h 174 63 197
h 174 66 173
h 174 76 105
h 174 95 44
h 174 116 50
h 174 125 129
h 174 135 39
h 174 144 164
h 174 147 166
h 174 151 103
h 174 155 176
h 174 158 137
h 174 164 65
h 174 191 39
h 175 9 193
h 175 14 71
h 175 30 177
h 175 49 132
h 175 70 86
h 175 80 54
h 175 87 69
h 175 90 71
h 175 102 140
h 175 107 56
h 175 156 122
h 175 157 143
h 175 167 61
h 175 181 130
h 175 192 138
h 175 195 50
h 175 196 53
h 175 199 190
h 176 21 178
h 176 25 162
h 176 35 128
h 176 39 160
h 176 55 175
h 176 84 173
h 176 103 105
h 176 123 163
h 176 163 156
h 176 172 120
h 177 7 185
h 177 12 135
h 177 16 83
h 177 17 199
h 177 19 98
h 177 74 148
h 177 128 10
h 177 129 94
h 177 132 191
h 177 137 120
h 178 51 129
h 178 53 191
h 178 59 39
h 178 66 49
h 178 72 45
h 178 96 86
h 178 108 176
h 178 111 65
h 178 116 179
h 178 125 133
h 178 135 123
h 178 146 140
h 178 152 43
h 178 154 163
h 178 185 58
h 178 188 116
h 179 41 83
h 179 47 119
h 179 65 99
h 179 77 62
h 179 84 57
h 179 123 68
h 179 149 91
h 179 161 164
h 180 14 97
h 180 16 142
h 180 69 7
h 180 70 108
h 180 74 91
h 180 82 104
h 180 90 25
h 180 114 60
h 180 128 172
h 180 133 171
h 180 136 52
h 180 140 14
h 180 148 179
h 180 167 124
h 180 186 133
h 180 192 18
h 180 196 70
h 181 1 91
h 181 2 52
h 181 9 167
h 181 30 140
h 181 49 199
h 181 61 17
h 181 107 186
h 181 175 130
h 181 199 89
h 182 2 186
h 182 36 198
h 182 61 143
h 182 73 17
h 182 86 180
h 182 98 199
h 182 100 144
h 182 102 62
h 182 113 41
h 182 115 97
h 182 124 22
h 182 171 165
h 183 6 17
h 183 37 55
h 183 52 193
h 183 126 178
h 184 15 199
h 184 33 115
h 184 40 54
h 184 46 98
h 184 61 68
h 184 62 193
h 184 64 104
h 184 73 149
h 184 88 182
h 184 89 174
h 184 92 36
h 184 99 165
h 184 113 145
h 184 115 130
h 184 124 139
h 184 141 135
h 184 150 100
h 184 166 136
h 184 187 26
h 184 200 144
h 185 38 31
h 185 44 66
h 185 51 103
h 185 53 111
h 185 59 183
h 185 63 28
h 185 66 108
h 185 95 145
h 185 111 196
h 185 116 61
h 185 125 81
h 185 135 187
h 185 151 29
h 185 164 136
h 185 178 58
h 185 188 166
h 185 189 123
h 186 8 154
h 186 16 31
h 186 69 43
h 186 74 71
h 186 82 196
h 186 114 186
h 186 122 150
h 186 128 169
h 186 129 25
h 186 133 54
h 186 140 150
h 186 148 40
h 186 180 133
h 187 1 164
h 187 15 14
h 187 61 68
h 187 88 19
h 187 107 19
h 187 113 136
h 187 166 163
h 187 184 26
h 187 200 129
h 188 51 183
h 188 53 137
h 188 59 114
h 188 66 24
h 188 95 27
h 188 108 12
h 188 111 182
h 188 116 73
h 188 125 47
h 188 135 166
h 188 164 11
h 188 178 116
h 188 185 166
h 188 189 62
h 189 38 47
h 189 44 50
h 189 59 78
h 189 71 13
h 189 95 114
h 189 111 126
h 189 135 48
h 189 164 94
h 189 185 123
h 189 188 62
h 190 3 59
h 190 13 188
h 190 22 183
h 190 48 190
h 190 54 38
h 190 57 150
h 190 67 68
h 190 77 9
h 190 79 68
h 190 85 50
h 190 93 5
h 190 94 111
h 190 109 38
h 190 117 195
h 190 119 183
h 190 121 199
h 190 145 111
h 190 170 104
h 191 24 128
h 191 32 80
h 191 38 8
h 191 43 140
h 191 44 18
h 191 63 41
h 191 76 185
h 191 83 53
h 191 106 148
h 191 120 59
h 191 134 98
h 191 142 5
h 191 144 73
h 191 147 113
h 191 151 93
h 191 174 39
h 191 197 37
h 192 9 96
h 192 14 135
h 192 30 49
h 192 36 13
h 192 70 165
h 192 86 51
h 192 90 87
h 192 102 191
h 192 133 132
h 192 136 129
h 192 148 79
h 192 156 23
h 192 157 90
h 192 167 177
h 192 175 138
h 192 180 18
h 192 196 97
h 192 199 132
h 193 4 125
h 193 20 172
h 193 27 101
h 193 28 95
h 193 56 49
h 193 58 102
h 193 69 107
h 193 75 149
h 193 131 188
h 193 136 17
h 193 159 192
h 193 160 71
h 193 171 20
h 193 198 132
h 194 4 99
h 194 26 179
h 194 28 114
h 194 29 108
h 194 56 156
h 194 60 91
h 194 75 47
h 194 97 30
h 194 112 136
h 194 127 190
h 194 155 63
h 194 158 122
h 194 160 138
h 194 165 38
h 194 169 41
h 195 9 25
h 195 10 111
h 195 14 59
h 195 30 108
h 195 45 13
h 195 70 14
h 195 80 199
h 195 87 194
h 195 90 130
h 195 91 151
h 195 104 130
h 195 156 188
h 195 157 166
h 195 168 192
h 195 175 50
h 195 196 97
h 195 199 110
h 196 10 23
h 196 14 194
h 196 16 62
h 196 30 20
h 196 45 13
h 196 70 176
h 196 80 113
h 196 87 138
h 196 90 196
h 196 91 167
h 196 102 34
h 196 104 48
h 196 133 119
h 196 143 15
h 196 148 152
h 196 156 115
h 196 157 155
h 196 167 133
h 196 168 89
h 196 175 53
h 196 180 70
h 196 192 97
h 196 195 97
h 196 199 107
h 197 38 163
h 197 42 106
h 197 43 24
h 197 44 140
h 197 71 60
h 197 76 74
h 197 95 63
h 197 106 117
h 197 120 146
h 197 139 192
h 197 151 125
h 197 164 71
h 197 191 37
h 198 4 29
h 198 20 187
h 198 27 177
h 198 28 118
h 198 58 180
h 198 65 7
h 198 75 35
h 198 97 97
h 198 100 7
h 198 131 162
h 198 159 168
h 198 160 90
h 198 193 132
h 199 9 174
h 199 14 114
h 199 30 180
h 199 49 88
h 199 70 115
h 199 80 115
h 199 87 128
h 199 90 125
h 199 91 58
h 199 102 117
h 199 156 163
h 199 157 179
h 199 167 76
h 199 168 57
h 199 175 190
h 199 181 89
h 199 192 132
h 199 195 110
h 199 196 107
h 200 1 26
h 200 15 132
h 200 61 9
h 200 62 98
h 200 88 167
h 200 89 59
h 200 99 155
h 200 113 129
h 200 126 6
h 200 141 50
h 200 166 153
h 200 184 144
h 200 187 129
