h 40 10 143.896
r 1 143.896
r 2 143.896
r 3 143.896
r 4 143.896
r 5 143.896
r 6 143.896
r 7 143.896
r 8 143.896
r 9 143.896
r 10 143.896
t 1 14.262416
t 2 47.408671
t 3 25.368331
t 4 6.679465
t 5 11.678645
t 6 38.948930
t 7 43.676243
t 8 24.972153
t 9 37.574307
t 10 42.434898
t 11 37.790670
t 12 20.708175
t 13 17.619165
t 14 10.454270
t 15 44.091619
t 16 19.717917
t 17 40.475578
t 18 22.684682
t 19 26.237121
t 20 21.261999
t 21 45.109182
t 22 43.854150
t 23 49.330695
t 24 28.679250
t 25 33.850440
t 26 32.185123
t 27 14.712620
t 28 35.936035
t 29 46.782734
t 30 47.180388
t 31 40.636254
t 32 20.588825
t 33 19.968920
t 34 39.262443
t 35 29.480781
t 36 31.554003
t 37 25.245508
t 38 41.756840
t 39 45.175176
t 40 32.895950
h 1 8 119
h 1 27 153
h 2 31 114
h 3 9 44
h 3 10 86
h 4 34 156
h 5 8 61
h 5 12 90
h 5 14 115
h 5 18 118
h 5 22 164
h 5 25 195
h 5 27 5
h 7 17 27
h 8 1 119
h 8 5 61
h 8 10 27
h 8 12 14
h 8 18 108
h 8 25 20
h 8 27 194
h 9 3 44
h 9 36 112
h 10 3 86
h 10 8 27
h 10 13 12
h 10 22 24
h 10 36 90
h 12 5 90
h 12 8 14
h 12 14 180
h 12 18 183
h 12 25 105
h 12 39 78
h 13 10 12
h 13 21 193
h 13 22 17
h 13 36 116
h 14 5 115
h 14 12 180
h 14 18 146
h 14 25 140
h 14 39 104
h 15 20 9
h 16 26 23
h 16 29 96
h 16 32 109
h 17 7 27
h 17 28 98
h 18 5 118
h 18 8 108
h 18 12 183
h 18 14 146
h 18 25 116
h 18 27 92
h 19 23 137
h 19 38 189
h 19 40 67
h 20 15 9
h 21 13 193
h 21 36 134
h 22 5 164
h 22 10 24
h 22 13 17
h 22 25 148
h 23 19 137
h 23 38 100
h 23 40 124
h 24 30 67
h 24 37 182
h 25 5 195
h 25 8 20
h 25 12 105
h 25 14 140
h 25 18 116
h 25 22 148
h 26 16 23
h 26 29 64
h 26 32 16
h 26 34 49
h 26 35 189
h 27 1 153
h 27 5 5
h 27 8 194
h 27 18 92
h 28 17 98
h 29 16 96
h 29 26 64
h 29 35 84
h 30 24 67
h 30 37 143
h 31 2 114
h 31 33 68
h 32 16 109
h 32 26 16
h 33 31 68
h 34 4 156
h 34 26 49
h 35 26 189
h 35 29 84
h 36 9 112
h 36 10 90
h 36 13 116
h 36 21 134
h 37 24 182
h 37 30 143
h 38 19 189
h 38 23 100
h 39 12 78
h 39 14 104
h 40 19 67
h 40 23 124
